0.1 1.3031020044537025e-10
0.101 3.54265361244108e-11
0.10200000000000001 2.2107219072535272e-10
0.10300000000000001 9.271762242428591e-10
0.10400000000000001 2.10083237432426e-09
0.10500000000000001 3.3576613630243233e-09
0.10600000000000001 4.179622852542326e-09
0.10700000000000001 4.2140284203188295e-09
0.10800000000000001 3.4687038511785357e-09
0.10900000000000001 2.2840311530685733e-09
0.11000000000000001 1.1234590133384535e-09
0.11100000000000002 3.3322596144673857e-10
0.11200000000000002 1.280600956813704e-11
0.11300000000000002 4.124241604587699e-11
0.11400000000000002 2.0440409328823369e-10
0.11500000000000002 3.2755408586660897e-10
0.11600000000000002 3.432143821695023e-10
0.11700000000000002 2.804117292746256e-10
0.11800000000000002 2.0678116048808966e-10
0.11900000000000002 1.6939516339487466e-10
0.12000000000000002 1.6722656652660341e-10
0.12100000000000002 1.6342678845875114e-10
0.12200000000000003 1.238428827725002e-10
0.12300000000000003 5.7377635069813305e-11
0.12400000000000003 3.532855830544751e-11
0.12500000000000003 1.7787136213359368e-10
0.12600000000000003 6.111452837244661e-10
0.12700000000000003 1.4117860677841703e-09
0.12800000000000003 2.5619253271864896e-09
0.12900000000000003 3.934174761744557e-09
0.13000000000000003 5.314506951127631e-09
0.13100000000000003 6.45622647210715e-09
0.13200000000000003 7.146558208943967e-09
0.13300000000000003 7.263312887504644e-09
0.13400000000000004 6.803688506349001e-09
0.13500000000000004 5.877990698598652e-09
0.13600000000000004 4.673241447682063e-09
0.13700000000000004 3.400687919280274e-09
0.13800000000000004 2.2443796183390445e-09
0.13900000000000004 1.3251058823739073e-09
0.14000000000000004 6.870936609160189e-10
0.14100000000000004 3.0696718549410564e-10
0.14200000000000004 1.1828565243457863e-10
0.14300000000000004 4.205242921312795e-11
0.14400000000000004 1.4063173893689734e-11
0.14500000000000005 2.858725286983789e-12
0.14600000000000005 1.59024109863675e-11
0.14700000000000005 9.505346424370157e-11
0.14800000000000005 3.046134060745916e-10
0.14900000000000005 7.159619097703132e-10
0.15000000000000005 1.392356256920539e-09
0.15100000000000005 2.3763801108612517e-09
0.15200000000000005 3.6813287761687952e-09
0.15300000000000005 5.2868733955483156e-09
0.15400000000000005 7.1387891849262605e-09
0.15500000000000005 9.152304039716224e-09
0.15600000000000006 1.1218564548437378e-08
0.15700000000000006 1.3213665350053734e-08
0.15800000000000006 1.5009550493264845e-08
0.15900000000000006 1.648586914803576e-08
0.16000000000000006 1.7541625095544935e-08
0.16100000000000006 1.81053062300275e-08
0.16200000000000006 1.8142210400772298e-08
0.16300000000000006 1.7657942423293763e-08
0.16400000000000006 1.66975253042233e-08
0.16500000000000006 1.5340170163448978e-08
0.16600000000000006 1.369037182774875e-08
0.16700000000000007 1.1866522343006683e-08
0.16800000000000007 9.988566477589353e-09
0.16900000000000007 8.166307368678912e-09
0.17000000000000007 6.489802601231064e-09
0.17100000000000007 5.022913522489234e-09
0.17200000000000007 3.8005595864598556e-09
0.17300000000000007 2.8296771438586344e-09
0.17400000000000007 2.0933781855014085e-09
0.17500000000000007 1.5574213337690664e-09
0.17600000000000007 1.17788956043981e-09
0.17700000000000007 9.089302461262539e-10
0.17800000000000007 7.095378808475766e-10
0.17900000000000008 5.486101500816432e-10
0.18000000000000008 4.078332693348918e-10
0.18100000000000008 2.8229748024925494e-10
0.18200000000000008 1.790587751120682e-10
0.18300000000000008 1.1410963438133664e-10
0.18400000000000008 1.0837621660242392e-10
0.18500000000000008 1.8341418534694697e-10
0.18600000000000008 3.57436640842262e-10
0.18700000000000008 6.421930107442156e-10
0.18800000000000008 1.0410518332185462e-09
0.18900000000000008 1.5484504635155926e-09
0.19000000000000009 2.150687054155813e-09
0.1910000000000001 2.8278667479318655e-09
0.1920000000000001 3.5566908112210585e-09
0.1930000000000001 4.313703359479342e-09
0.1940000000000001 5.078587446505421e-09
0.1950000000000001 5.837126678697527e-09
0.1960000000000001 6.5835116780457384e-09
0.1970000000000001 7.32176125262514e-09
0.1980000000000001 8.066133422318442e-09
0.1990000000000001 8.840509166072977e-09
0.2000000000000001 9.67683108516035e-09
0.2010000000000001 1.0612761637432825e-08
0.2020000000000001 1.1688785508507098e-08
0.2030000000000001 1.2945015256662313e-08
0.2040000000000001 1.4417968499381347e-08
0.2050000000000001 1.6137570772815236e-08
0.2060000000000001 1.8124604678959586e-08
0.2070000000000001 2.0388778029963284e-08
0.2080000000000001 2.292752689643503e-08
0.2090000000000001 2.5725609219258392e-08
0.2100000000000001 2.875548592419391e-08
0.2110000000000001 3.197843345349615e-08
0.2120000000000001 3.534628746215126e-08
0.2130000000000001 3.880368419166375e-08
0.2140000000000001 4.2290644731001686e-08
0.2150000000000001 4.574533802284847e-08
0.2160000000000001 4.910686026836415e-08
0.2170000000000001 5.23178798804158e-08
0.2180000000000001 5.5327016450817644e-08
0.2190000000000001 5.8090847206365543e-08
0.2200000000000001 6.05754629441576e-08
0.2210000000000001 6.275752536081073e-08
0.22200000000000011 6.462480713434301e-08
0.22300000000000011 6.617622348737971e-08
0.22400000000000012 6.742138800707165e-08
0.22500000000000012 6.837974533797555e-08
0.22600000000000012 6.907934847603889e-08
0.22700000000000012 6.955535858511256e-08
0.22800000000000012 6.984835063331362e-08
0.22900000000000012 7.000250904580122e-08
0.23000000000000012 7.006379451588288e-08
0.23100000000000012 7.007815675680594e-08
0.23200000000000012 7.008985903141445e-08
0.23300000000000012 7.01399695090238e-08
0.23400000000000012 7.0265062591588e-08
0.23500000000000013 7.04961609967742e-08
0.23600000000000013 7.085793717870605e-08
0.23700000000000013 7.136818111027796e-08
0.23800000000000013 7.203753094403139e-08
0.23900000000000013 7.286945390736166e-08
0.24000000000000013 7.386045716688316e-08
0.24100000000000013 7.50005024169298e-08
0.24200000000000013 7.627359362590719e-08
0.24300000000000013 7.765850465871936e-08
0.24400000000000013 7.912961227363872e-08
0.24500000000000013 8.065780011461691e-08
0.24600000000000014 8.221140060216442e-08
0.24700000000000014 8.375714386679506e-08
0.24800000000000014 8.526108586136177e-08
0.24900000000000014 8.668949132775603e-08
0.2500000000000001 8.800965118482334e-08
0.2510000000000001 8.919061796956924e-08
0.2520000000000001 9.020384704462387e-08
0.2530000000000001 9.102373524600907e-08
0.2540000000000001 9.162805237557225e-08
0.2550000000000001 9.199826435492546e-08
0.2560000000000001 9.211974988923631e-08
0.2570000000000001 9.198191509818875e-08
0.2580000000000001 9.157821273642751e-08
0.2590000000000001 9.090607434266252e-08
0.2600000000000001 8.996676493586646e-08
0.2610000000000001 8.876517074135071e-08
0.2620000000000001 8.730953091082838e-08
0.2630000000000001 8.561112433764107e-08
0.2640000000000001 8.368392250437277e-08
0.2650000000000001 8.154421888073002e-08
0.2660000000000001 7.921024476102756e-08
0.2670000000000001 7.670178063822055e-08
0.2680000000000001 7.403977129832835e-08
0.26900000000000013 7.124595182535955e-08
0.27000000000000013 6.834249066888106e-08
0.27100000000000013 6.535165487615655e-08
0.27200000000000013 6.229550155610246e-08
0.27300000000000013 5.919559864616579e-08
0.27400000000000013 5.6072777114364086e-08
0.27500000000000013 5.294691586154173e-08
0.27600000000000013 4.983675980381309e-08
0.27700000000000014 4.6759770919075034e-08
0.27800000000000014 4.37320114379624e-08
0.27900000000000014 4.076805784950622e-08
0.28000000000000014 3.7880943973565606e-08
0.28100000000000014 3.508213102222182e-08
0.28200000000000014 3.238150232580589e-08
0.28300000000000014 2.9787380229753497e-08
0.28400000000000014 2.730656256902926e-08
0.28500000000000014 2.4944376089782937e-08
0.28600000000000014 2.270474420535027e-08
0.28700000000000014 2.059026653776831e-08
0.28800000000000014 1.8602307798892325e-08
0.28900000000000015 1.6741093699531914e-08
0.29000000000000015 1.5005811733784167e-08
0.29100000000000015 1.3394714862432067e-08
0.29200000000000015 1.1905226308007081e-08
0.29300000000000015 1.0534043869651959e-08
0.29400000000000015 9.277242363579984e-09
0.29500000000000015 8.130372990812112e-09
0.29600000000000015 7.088558624549761e-09
0.29700000000000015 6.1465841923135145e-09
0.29800000000000015 5.298981500633749e-09
0.29900000000000015 4.540108010939514e-09
0.30000000000000016 3.864219223182044e-09
0.30100000000000016 3.2655344578535974e-09
0.30200000000000016 2.738295947031845e-09
0.30300000000000016 2.2768212508074242e-09
0.30400000000000016 1.8755491071337155e-09
0.30500000000000016 1.5290789011954016e-09
0.30600000000000016 1.232204005416583e-09
0.30700000000000016 9.799392939831714e-10
0.30800000000000016 7.675431770741211e-10
0.30900000000000016 5.905345308139201e-10
0.31000000000000016 4.447049202458413e-10
0.31100000000000017 3.261265253689167e-10
0.31200000000000017 2.3115618547293087e-10
0.31300000000000017 1.5643597561413486e-10
0.31400000000000017 9.889072203915296e-11
0.31500000000000017 5.5722851574669217e-11
0.31600000000000017 2.4404954297432168e-11
0.31700000000000017 2.6704199620077914e-12
0.31800000000000017 -1.1497512596674367e-11
0.3190000000000002 -1.987797689800982e-11
0.3200000000000002 -2.4025679121408252e-11
0.3210000000000002 -2.5284810214653337e-11
0.3220000000000002 -2.4803427859280696e-11
0.3230000000000002 -2.3548091310796855e-11
0.3240000000000002 -2.2318556603832664e-11
0.3250000000000002 -2.176236332316424e-11
0.3260000000000002 -2.2389166867110123e-11
0.3270000000000002 -2.4584691697129265e-11
0.3280000000000002 -2.8624201341959185e-11
0.3290000000000002 -3.46853998144629e-11
0.3300000000000002 -4.286069654129938e-11
0.3310000000000002 -5.316878287149242e-11
0.3320000000000002 -6.55654827112576e-11
0.3330000000000002 -7.995385284789385e-11
0.3340000000000002 -9.619352010758824e-11
0.3350000000000002 -1.1410925269115371e-10
0.3360000000000002 -1.3349877190758877e-10
0.3370000000000002 -1.5413981814985205e-10
0.3380000000000002 -1.757964914063623e-10
0.3390000000000002 -1.9822489195737248e-10
0.3400000000000002 -2.2117809125238676e-10
0.3410000000000002 -2.4441046638871335e-10
0.3420000000000002 -2.6768143419695293e-10
0.3430000000000002 -2.907586227723084e-10
0.3440000000000002 -3.1342051945045597e-10
0.3450000000000002 -3.3545863479466546e-10
0.3460000000000002 -3.566792222093905e-10
0.3470000000000002 -3.76904592397157e-10
0.3480000000000002 -3.959740610953315e-10
0.3490000000000002 -4.13744567429455e-10
0.3500000000000002 -4.300909988566032e-10
0.3510000000000002 -4.449062570977362e-10
0.3520000000000002 -4.581010977189437e-10
0.3530000000000002 -4.696037741605269e-10
0.3540000000000002 -4.793595150676469e-10
0.3550000000000002 -4.873298617797711e-10
0.3560000000000002 -4.934918908187171e-10
0.3570000000000002 -4.978373442007254e-10
0.3580000000000002 -5.003716884094163e-10
0.3590000000000002 -5.011131209218405e-10
0.3600000000000002 -5.000915412939909e-10
0.3610000000000002 -4.973475019981586e-10
0.3620000000000002 -4.929311524715974e-10
0.3630000000000002 -4.869011881922888e-10
0.3640000000000002 -4.793238150479371e-10
0.3650000000000002 -4.702717378133395e-10
0.3660000000000002 -4.59823180199674e-10
0.3670000000000002 -4.4806094268904563e-10
0.3680000000000002 -4.3507150321734204e-10
0.3690000000000002 -4.209441647169558e-10
0.3700000000000002 -4.057702525755974e-10
0.3710000000000002 -3.896423642053688e-10
0.3720000000000002 -3.726536721436204e-10
0.3730000000000002 -3.548972814196985e-10
0.3740000000000002 -3.364656413153404e-10
0.3750000000000002 -3.174500111162866e-10
0.3760000000000002 -2.979399789935627e-10
0.3770000000000002 -2.7802303276067444e-10
0.3780000000000002 -2.57784180921953e-10
0.3790000000000002 -2.3730562215282694e-10
0.3800000000000002 -2.1666646113055578e-10
0.3810000000000002 -1.9594246845851973e-10
0.38200000000000023 -1.7520588229466282e-10
0.38300000000000023 -1.5452524920043783e-10
0.38400000000000023 -1.3396530166662232e-10
0.38500000000000023 -1.1358686974286494e-10
0.38600000000000023 -9.344682419497142e-11
0.38700000000000023 -7.359804863430294e-11
0.38800000000000023 -5.4089438104272394e-11
0.38900000000000023 -3.496592166658542e-11
0.39000000000000024 -1.6268506601976764e-11
0.39100000000000024 1.965658075788394e-12
0.39200000000000024 1.9703201000164176e-11
0.39300000000000024 3.691443283264009e-11
0.39400000000000024 5.357323764332526e-11
0.39500000000000024 6.965695317953963e-11
0.39600000000000024 8.514624179695456e-11
0.39700000000000024 1.0002495371290264e-10
0.39800000000000024 1.1427998412643486e-10
0.39900000000000024 1.2790112563555046e-10
0.40000000000000024 1.408809172695564e-10
0.40100000000000025 1.5321449134458506e-10
0.40200000000000025 1.648994192434012e-10
0.40300000000000025 1.7593555711735594e-10
0.40400000000000025 1.8632489240905647e-10
0.40500000000000025 1.960713919993614e-10
0.40600000000000025 2.051808526919449e-10
0.40700000000000025 2.1366075466302677e-10
0.40800000000000025 2.2152011842307608e-10
0.40900000000000025 2.2876936576146353e-10
0.41000000000000025 2.354201850740269e-10
0.41100000000000025 2.4148540140752396e-10
0.41200000000000025 2.4697885149363337e-10
0.41300000000000026 2.5191526398865853e-10
0.41400000000000026 2.56310145083188e-10
0.41500000000000026 2.6017966959834147e-10
0.41600000000000026 2.635405776421503e-10
0.41700000000000026 2.664100768603382e-10
0.41800000000000026 2.6880575028067403e-10
0.41900000000000026 2.707454697184393e-10
0.42000000000000026 2.722473146826437e-10
0.42100000000000026 2.7332949669784223e-10
0.42200000000000026 2.740102889349003e-10
0.42300000000000026 2.7430796102529494e-10
0.42400000000000027 2.742407189175847e-10
0.42500000000000027 2.738266496212251e-10
0.42600000000000027 2.7308367067169916e-10
0.42700000000000027 2.720294841419489e-10
0.42800000000000027 2.70681535017997e-10
0.42900000000000027 2.6905697375136194e-10
0.43000000000000027 2.6717262279721925e-10
0.43100000000000027 2.650449469450397e-10
0.4320000000000003 2.6269002724756647e-10
0.4330000000000003 2.601235383542746e-10
0.4340000000000003 2.5736072905683566e-10
0.4350000000000003 2.5441640585631836e-10
0.4360000000000003 2.513049193650202e-10
0.4370000000000003 2.4804015335953367e-10
0.4380000000000003 2.446355163061058e-10
0.4390000000000003 2.411039351841949e-10
0.4400000000000003 2.3745785143953463e-10
0.4410000000000003 2.33709218903638e-10
0.4420000000000003 2.2986950352266643e-10
0.4430000000000003 2.2594968474480457e-10
0.4440000000000003 2.2196025842156348e-10
0.4450000000000003 2.1791124108493577e-10
0.4460000000000003 2.1381217546880304e-10
0.4470000000000003 2.0967213714952758e-10
0.4480000000000003 2.0549974218715544e-10
0.4490000000000003 2.0130315565510736e-10
0.4500000000000003 1.970901009525635e-10
0.4510000000000003 1.928678698000425e-10
0.4520000000000003 1.8864333282474003e-10
0.4530000000000003 1.8442295064817878e-10
0.4540000000000003 1.8021278539451657e-10
0.4550000000000003 1.7601851254346055e-10
0.4560000000000003 1.7184543305717428e-10
0.4570000000000003 1.6769848571577605e-10
0.4580000000000003 1.63582259601052e-10
0.4590000000000003 1.5950100667281516e-10
0.4600000000000003 1.554586543869417e-10
0.4610000000000003 1.5145881830849723e-10
0.4620000000000003 1.47504814677524e-10
0.4630000000000003 1.4359967288904958e-10
0.4640000000000003 1.397461478525839e-10
0.4650000000000003 1.3594673219994057e-10
0.4660000000000003 1.3220366831355599e-10
0.4670000000000003 1.2851896015059648e-10
0.4680000000000003 1.248943848411183e-10
0.4690000000000003 1.213315040412839e-10
0.4700000000000003 1.1783167502522848e-10
0.4710000000000003 1.1439606150155909e-10
0.4720000000000003 1.1102564414272337e-10
0.4730000000000003 1.0772123081752505e-10
0.4740000000000003 1.0448346651901733e-10
0.4750000000000003 1.0131284298173401e-10
0.4760000000000003 9.820970798387996e-11
0.4770000000000003 9.517427433156428e-11
0.4780000000000003 9.220662852354626e-11
0.4790000000000003 8.930673909619177e-11
0.4800000000000003 8.647446464946868e-11
0.4810000000000003 8.370956155583564e-11
0.4820000000000003 8.101169135479192e-11
0.4830000000000003 7.838042783667197e-11
0.4840000000000003 7.581526382001612e-11
0.4850000000000003 7.331561762747848e-11
0.4860000000000003 7.088083926581776e-11
0.4870000000000003 6.851021631600542e-11
0.4880000000000003 6.620297953991546e-11
0.4890000000000003 6.395830821042389e-11
0.4900000000000003 6.177533517205896e-11
0.4910000000000003 5.965315163958195e-11
0.4920000000000003 5.759081174210106e-11
0.4930000000000003 5.55873368204539e-11
0.4940000000000003 5.364171948573243e-11
0.49500000000000033 5.1752927446881035e-11
0.49600000000000033 4.991990711535355e-11
0.49700000000000033 4.814158699481725e-11
0.49800000000000033 4.641688086387547e-11
0.49900000000000033 4.474469075973439e-11
