0.1 -2.1161545242323505e-11
0.101 -5.3720781569853954e-11
0.10200000000000001 -1.1605235907138668e-10
0.10300000000000001 -2.0025985579555263e-10
0.10400000000000001 -2.8121361069221183e-10
0.10500000000000001 -3.2854264597186425e-10
0.10600000000000001 -3.2341722868664576e-10
0.10700000000000001 -2.687055876170764e-10
0.10800000000000001 -1.8626345101545356e-10
0.10900000000000001 -1.0430508432336186e-10
0.11000000000000001 -4.370843762090758e-11
0.11100000000000002 -1.108915343575689e-11
0.11200000000000002 -6.890091399957555e-13
0.11300000000000002 -1.5551785421666275e-12
0.11400000000000002 -4.610081672385455e-12
0.11500000000000002 -6.025634363004232e-12
0.11600000000000002 -6.503942781013428e-12
0.11700000000000002 -8.33364003619392e-12
0.11800000000000002 -1.2572689104243402e-11
0.11900000000000002 -1.7868255614979956e-11
0.12000000000000002 -2.11821412141504e-11
0.12100000000000002 -1.9721784864399682e-11
0.12200000000000003 -1.2939971835281162e-11
0.12300000000000003 -3.5525627150390635e-12
0.12400000000000003 2.9880475713094042e-12
0.12500000000000003 4.2967292956756477e-13
0.12600000000000003 -1.5705939133700946e-11
0.12700000000000003 -4.599792968160982e-11
0.12800000000000003 -8.637252015639433e-11
0.12900000000000003 -1.2907264593412707e-10
0.13000000000000003 -1.6498650354930125e-10
0.13100000000000003 -1.8643378385053036e-10
0.13200000000000003 -1.8937684309426081e-10
0.13300000000000003 -1.7432116227106898e-10
0.13400000000000004 -1.4572647320634674e-10
0.13500000000000004 -1.103073306770985e-10
0.13600000000000004 -7.493768208915317e-11
0.13700000000000004 -4.489319246243631e-11
0.13800000000000004 -2.291663569301028e-11
0.13900000000000004 -9.220013558258393e-12
0.14000000000000004 -2.2042109715098707e-12
0.14100000000000004 5.051682483161801e-13
0.14200000000000004 1.108562451742798e-12
0.14300000000000004 1.0369028110256788e-12
0.14400000000000004 7.86781884110199e-13
0.14500000000000005 1.0011032357371164e-13
0.14600000000000005 -1.6842318837347666e-12
0.14700000000000005 -5.279485066365571e-12
0.14800000000000005 -1.1212258886376739e-11
0.14900000000000005 -1.9724634860404115e-11
0.15000000000000005 -3.077882485543717e-11
0.15100000000000005 -4.4096311771010026e-11
0.15200000000000005 -5.917290812718125e-11
0.15300000000000005 -7.524668658225255e-11
0.15400000000000005 -9.123705405534175e-11
0.15500000000000005 -1.0570198708759608e-10
0.15600000000000006 -1.168661824895487e-10
0.15700000000000006 -1.2275516958809718e-10
0.15800000000000006 -1.2143718933812168e-10
0.15900000000000006 -1.1133813526823917e-10
0.16000000000000006 -9.156712351407822e-11
0.16100000000000006 -6.217951374562192e-11
0.16200000000000006 -2.4312937725160405e-11
0.16300000000000006 1.984300661466502e-11
0.16400000000000006 6.7248393083941e-11
0.16500000000000006 1.1435609519170272e-10
0.16600000000000006 1.5753921206067154e-10
0.16700000000000007 1.9353116109986383e-10
0.16800000000000007 2.1980725033682595e-10
0.16900000000000007 2.348504465308153e-10
0.17000000000000007 2.3826739384993447e-10
0.17100000000000007 2.3074810691151107e-10
0.17200000000000007 2.13888670208722e-10
0.17300000000000007 1.8991623327062366e-10
0.17400000000000007 1.6136680763329695e-10
0.17500000000000007 1.3076800869077077e-10
0.17600000000000007 1.0037189592432609e-10
0.17700000000000007 7.19697384933535e-11
0.17800000000000007 4.6803884725252376e-11
0.17900000000000008 2.557505775900726e-11
0.18000000000000008 8.529019098838946e-12
0.18100000000000008 -4.403471807469388e-12
0.18200000000000008 -1.344419005799462e-11
0.18300000000000008 -1.8812691975920343e-11
0.18400000000000008 -2.0604452594517922e-11
0.18500000000000008 -1.87188865957677e-11
0.18600000000000008 -1.2844518814154503e-11
0.18700000000000008 -2.498882768276183e-12
0.18800000000000008 1.288757467927754e-11
0.18900000000000008 3.386024908917065e-11
0.19000000000000009 6.082153063857722e-11
0.1910000000000001 9.392420927961855e-11
0.1920000000000001 1.3299447255838604e-10
0.1930000000000001 1.7749727930699327e-10
0.1940000000000001 2.2655106297449658e-10
0.1950000000000001 2.789924341324617e-10
0.1960000000000001 3.3348557913712914e-10
0.1970000000000001 3.8866602635550525e-10
0.1980000000000001 4.4330482597306616e-10
0.1990000000000001 4.964772132396189e-10
0.2000000000000001 5.477195467442331e-10
0.2010000000000001 5.971596055672588e-10
0.2020000000000001 6.456079269367747e-10
0.2030000000000001 6.946014125454373e-10
0.2040000000000001 7.463945256272574e-10
0.2050000000000001 8.038976399921775e-10
0.2060000000000001 8.705661197449815e-10
0.2070000000000001 9.502472003353494e-10
0.2080000000000001 1.0469944836036636e-09
0.2090000000000001 1.1648617143027851e-09
0.2100000000000001 1.3076884215276172e-09
0.2110000000000001 1.478890011272902e-09
0.2120000000000001 1.681264075819453e-09
0.2130000000000001 1.916823179701504e-09
0.2140000000000001 2.1866623593539092e-09
0.2150000000000001 2.4908672170324053e-09
0.2160000000000001 2.828465981283035e-09
0.2170000000000001 3.1974264148732036e-09
0.2180000000000001 3.5946961228046155e-09
0.2190000000000001 4.016282764961707e-09
0.2200000000000001 4.457368995108778e-09
0.2210000000000001 4.912455682573565e-09
0.22200000000000011 5.375526146258778e-09
0.22300000000000011 5.84022373615148e-09
0.22400000000000012 6.300035105701101e-09
0.22500000000000012 6.7484718819075675e-09
0.22600000000000012 7.179244098813118e-09
0.22700000000000012 7.586419647246835e-09
0.22800000000000012 7.96456503958868e-09
0.22900000000000012 8.308863925152373e-09
0.23000000000000012 8.615210956603202e-09
0.23100000000000012 8.880279745223417e-09
0.23200000000000012 9.101564706412726e-09
0.23300000000000012 9.277397550238663e-09
0.23400000000000012 9.40693998890337e-09
0.23500000000000013 9.490154897378179e-09
0.23600000000000013 9.527758667858847e-09
0.23700000000000013 9.5211578438296e-09
0.23800000000000013 9.472373312734878e-09
0.23900000000000013 9.383955390171866e-09
0.24000000000000013 9.258893059641108e-09
0.24100000000000013 9.100520459271368e-09
0.24200000000000013 8.912423450905208e-09
0.24300000000000013 8.698348788120584e-09
0.24400000000000013 8.462118038105282e-09
0.24500000000000013 8.207548026400612e-09
0.24600000000000014 7.938379180112695e-09
0.24700000000000014 7.658212758715501e-09
0.24800000000000014 7.370457594083387e-09
0.24900000000000014 7.0782866224294665e-09
0.2500000000000001 6.7846031874521095e-09
0.2510000000000001 6.492016830973562e-09
0.2520000000000001 6.2028280673372705e-09
0.2530000000000001 5.919021461581056e-09
0.2540000000000001 5.6422661981431175e-09
0.2550000000000001 5.37392323446545e-09
0.2560000000000001 5.115058079254205e-09
0.2570000000000001 4.86645821448188e-09
0.2580000000000001 4.628654189166096e-09
0.2590000000000001 4.401943446949372e-09
0.2600000000000001 4.186416003897309e-09
0.2610000000000001 3.9819811631895755e-09
0.2620000000000001 3.788394535188165e-09
0.2630000000000001 3.60528472075172e-09
0.2640000000000001 3.4321791090422307e-09
0.2650000000000001 3.2685283353091763e-09
0.2660000000000001 3.1137290365669416e-09
0.2670000000000001 2.96714463151108e-09
0.2680000000000001 2.8281239337103417e-09
0.26900000000000013 2.696017482761053e-09
0.27000000000000013 2.5701915457975543e-09
0.27100000000000013 2.450039800970296e-09
0.27200000000000013 2.3349927650081426e-09
0.27300000000000013 2.224525068809395e-09
0.27400000000000013 2.1181607184235695e-09
0.27500000000000013 2.015476504234823e-09
0.27600000000000013 1.9161037392145285e-09
0.27700000000000014 1.8197285184537491e-09
0.27800000000000014 1.7260906975541092e-09
0.27900000000000014 1.6349817876197747e-09
0.28000000000000014 1.5462419603367587e-09
0.28100000000000014 1.4597563487088244e-09
0.28200000000000014 1.3754508181798749e-09
0.28300000000000014 1.2932873697949732e-09
0.28400000000000014 1.2132593223712219e-09
0.28500000000000014 1.13538640493415e-09
0.28600000000000014 1.0597098744311372e-09
0.28700000000000014 9.862877573972126e-10
0.28800000000000014 9.151902981910996e-10
0.28900000000000015 8.46495680945473e-10
0.29000000000000015 7.802860777309007e-10
0.29100000000000015 7.166440618036614e-10
0.29200000000000015 6.55649412329256e-10
0.29300000000000015 5.973763257362713e-10
0.29400000000000015 5.418910389039653e-10
0.29500000000000015 4.89249860738448e-10
0.29600000000000015 4.3949760132515703e-10
0.29700000000000015 3.9266638172087374e-10
0.29800000000000015 3.487748025044583e-10
0.29900000000000015 3.078274453649468e-10
0.30000000000000016 2.698146791828154e-10
0.30100000000000016 2.3471274015953834e-10
0.30200000000000016 2.0248405447414526e-10
0.30300000000000016 1.730777715932983e-10
0.30400000000000016 1.4643047663474048e-10
0.30500000000000016 1.224670509871531e-10
0.30600000000000016 1.0110165163009317e-10
0.30700000000000016 8.223878119106557e-11
0.30800000000000016 6.577442264225078e-11
0.30900000000000016 5.159721460470113e-11
0.31000000000000016 3.9589645427733315e-11
0.31100000000000017 2.962924648762527e-11
0.31200000000000017 2.1589767451874763e-11
0.31300000000000017 1.5342318540007272e-11
0.31400000000000017 1.0756467042429242e-11
0.31500000000000017 7.701277504985937e-12
0.31600000000000017 6.046287024476941e-12
0.31700000000000017 5.662409011149349e-12
0.31800000000000017 6.4227605435843495e-12
0.3190000000000002 8.203410061384125e-12
0.3200000000000002 1.0884043605269196e-11
0.3210000000000002 1.4348549121251054e-11
0.3220000000000002 1.848551949653772e-11
0.3230000000000002 2.318867599270874e-11
0.3240000000000002 2.8357214592501495e-11
0.3250000000000002 3.3896078486730416e-11
0.3260000000000002 3.9716160506268875e-11
0.3270000000000002 4.5734439759226165e-11
0.3280000000000002 5.187405707575495e-11
0.3290000000000002 5.8064334102040346e-11
0.3300000000000002 6.424074103160463e-11
0.3310000000000002 7.034481802592251e-11
0.3320000000000002 7.632405536776839e-11
0.3330000000000002 8.213173731937927e-11
0.3340000000000002 8.772675453233069e-11
0.3350000000000002 9.307338968614405e-11
0.3360000000000002 9.814108082583231e-11
0.3370000000000002 1.0290416663253572e-10
0.3380000000000002 1.0734161760301565e-10
0.3390000000000002 1.114367568391474e-10
0.3400000000000002 1.1517697386340128e-10
0.3410000000000002 1.1855343458561707e-10
0.3420000000000002 1.2156079025431817e-10
0.3430000000000002 1.241968879363712e-10
0.3440000000000002 1.2646248478506193e-10
0.3450000000000002 1.283609680813712e-10
0.3460000000000002 1.2989808276858865e-10
0.3470000000000002 1.3108166794817396e-10
0.3480000000000002 1.319214035664636e-10
0.3490000000000002 1.324285682981914e-10
0.3500000000000002 1.326158094248066e-10
0.3510000000000002 1.324969253134482e-10
0.3520000000000002 1.320866609264776e-10
0.3530000000000002 1.3140051663140091e-10
0.3540000000000002 1.3045457043689918e-10
0.3550000000000002 1.2926531365182544e-10
0.3560000000000002 1.278494998500364e-10
0.3570000000000002 1.262240069242563e-10
0.3580000000000002 1.244057119258464e-10
0.3590000000000002 1.224113783139376e-10
0.3600000000000002 1.2025755517574292e-10
0.3610000000000002 1.179604879294201e-10
0.3620000000000002 1.1553603998056509e-10
0.3630000000000002 1.1299962477250952e-10
0.3640000000000002 1.1036614764827769e-10
0.3650000000000002 1.0764995692734246e-10
0.3660000000000002 1.0486480359259387e-10
0.3670000000000002 1.0202380898129864e-10
0.3680000000000002 9.913943987760506e-11
0.3690000000000002 9.622349041260965e-11
0.3700000000000002 9.328707019055657e-11
0.3710000000000002 9.034059807569486e-11
0.3720000000000002 8.739380109315946e-11
0.3730000000000002 8.445571791847708e-11
0.3740000000000002 8.15347064533303e-11
0.3750000000000002 7.863845500976394e-11
0.3760000000000002 7.577399665058633e-11
0.3770000000000002 7.294772625996229e-11
0.3780000000000002 7.016541994485352e-11
0.3790000000000002 6.743225639470702e-11
0.3800000000000002 6.475283985340422e-11
0.3810000000000002 6.21312243837319e-11
0.38200000000000023 5.957093913037364e-11
0.38300000000000023 5.707501431244894e-11
0.38400000000000023 5.464600770087763e-11
0.38500000000000023 5.228603135913982e-11
0.38600000000000023 4.9996778448336903e-11
0.38700000000000023 4.777954991871058e-11
0.38800000000000023 4.563528092993226e-11
0.38900000000000023 4.356456686148687e-11
0.39000000000000024 4.1567688792349253e-11
0.39100000000000024 3.964463834585154e-11
0.39200000000000024 3.7795141811204835e-11
0.39300000000000024 3.6018683467561274e-11
0.39400000000000024 3.4314528049816305e-11
0.39500000000000024 3.268174230758228e-11
0.39600000000000024 3.111921561994689e-11
0.39700000000000024 2.962567963881179e-11
0.39800000000000024 2.8199726942814847e-11
0.39900000000000024 2.6839828692129624e-11
0.40000000000000024 2.5544351281859995e-11
0.40100000000000025 2.4311571998338405e-11
0.40200000000000025 2.3139693688459775e-11
0.40300000000000025 2.2026858457271187e-11
0.40400000000000025 2.097116041346141e-11
0.40500000000000025 1.9970657486169435e-11
0.40600000000000025 1.90233823397467e-11
0.40700000000000025 1.812735241576636e-11
0.40800000000000025 1.7280579133749863e-11
0.40900000000000025 1.64810762838082e-11
0.41000000000000025 1.5726867645705937e-11
0.41100000000000025 1.501599386980526e-11
0.41200000000000025 1.4346518655956477e-11
0.41300000000000026 1.3716534266713493e-11
0.41400000000000026 1.3124166411304782e-11
0.41500000000000026 1.2567578536594987e-11
0.41600000000000026 1.2044975560884318e-11
0.41700000000000026 1.1554607085815496e-11
0.41800000000000026 1.1094770120930692e-11
0.41900000000000026 1.066381135455792e-11
0.42000000000000026 1.0260129003738458e-11
0.42100000000000026 9.882174274837867e-12
0.42200000000000026 9.528452465350944e-12
0.42300000000000026 9.197523736211652e-12
0.42400000000000027 8.888003582680244e-12
0.42500000000000027 8.598563030611136e-12
0.42600000000000027 8.327928583614055e-12
0.42700000000000027 8.074881945324794e-12
0.42800000000000027 7.838259539703105e-12
0.42900000000000027 7.616951850988804e-12
0.43000000000000027 7.409902603672052e-12
0.43100000000000027 7.2161078015850315e-12
0.4320000000000003 7.03461464399625e-12
0.4330000000000003 6.864520335397781e-12
0.4340000000000003 6.704970804518258e-12
0.4350000000000003 6.5551593469739675e-12
0.4360000000000003 6.414325204894451e-12
0.4370000000000003 6.281752095820445e-12
0.4380000000000003 6.15676670218232e-12
0.4390000000000003 6.038737131717215e-12
0.4400000000000003 5.927071358283912e-12
0.4410000000000003 5.821215651675831e-12
0.4420000000000003 5.7206530042218454e-12
0.4430000000000003 5.624901561199742e-12
0.4440000000000003 5.53351306136305e-12
0.4450000000000003 5.446071293206079e-12
0.4460000000000003 5.362190571954132e-12
0.4470000000000003 5.2815142416729434e-12
0.4480000000000003 5.203713206336388e-12
0.4490000000000003 5.128484493176109e-12
0.4500000000000003 5.0555498511581075e-12
0.4510000000000003 4.984654386990222e-12
0.4520000000000003 4.915565240654363e-12
0.4530000000000003 4.848070302083942e-12
0.4540000000000003 4.781976970261414e-12
0.4550000000000003 4.7171109556970324e-12
0.4560000000000003 4.653315126962985e-12
0.4570000000000003 4.590448401697538e-12
0.4580000000000003 4.5283846822580155e-12
0.4590000000000003 4.467011835990563e-12
0.4600000000000003 4.4062307198950075e-12
0.4610000000000003 4.345954249293911e-12
0.4620000000000003 4.286106509965438e-12
0.4630000000000003 4.2266219130682835e-12
0.4640000000000003 4.167444392071444e-12
0.4650000000000003 4.108526640802097e-12
0.4660000000000003 4.049829391640261e-12
0.4670000000000003 3.9913207328156245e-12
0.4680000000000003 3.93297546370315e-12
0.4690000000000003 3.874774486964588e-12
0.4700000000000003 3.816704236344538e-12
0.4710000000000003 3.758756138900139e-12
0.4720000000000003 3.700926110423058e-12
0.4730000000000003 3.643214082798269e-12
0.4740000000000003 3.5856235620385377e-12
0.4750000000000003 3.5281612157325314e-12
0.4760000000000003 3.4708364886503156e-12
0.4770000000000003 3.413661245259805e-12
0.4780000000000003 3.3566494379223087e-12
0.4790000000000003 3.299816799554077e-12
0.4800000000000003 3.2431805595615885e-12
0.4810000000000003 3.18675918188381e-12
0.4820000000000003 3.1305721240011908e-12
0.4830000000000003 3.0746396158000723e-12
0.4840000000000003 3.0189824572127463e-12
0.4850000000000003 2.963621833584799e-12
0.4860000000000003 2.90857914775535e-12
0.4870000000000003 2.853875867869811e-12
0.4880000000000003 2.7995333899794983e-12
0.4890000000000003 2.745572914517817e-12
0.4900000000000003 2.692015335778157e-12
0.4910000000000003 2.638881143553722e-12
0.4920000000000003 2.5861903361354473e-12
0.4930000000000003 2.5339623438983765e-12
0.4940000000000003 2.482215962742169e-12
0.49500000000000033 2.430969296685072e-12
0.49600000000000033 2.3802397089442924e-12
0.49700000000000033 2.330043780868644e-12
0.49800000000000033 2.280397278121177e-12
0.49900000000000033 2.2313151235408847e-12
