0.1 2.3221952419685504e-11
0.101 2.4408792265199837e-11
0.10200000000000001 1.8429715560041007e-11
0.10300000000000001 1.5016008202737764e-11
0.10400000000000001 1.9458663956156065e-11
0.10500000000000001 2.5326204042206672e-11
0.10600000000000001 2.298348458227948e-11
0.10700000000000001 1.2231105350796144e-11
0.10800000000000001 2.4545771604489703e-12
0.10900000000000001 7.594035405014979e-13
0.11000000000000001 3.908424578907176e-12
0.11100000000000002 4.078141653942535e-12
0.11200000000000002 5.68043162257215e-13
0.11300000000000002 2.599659553906436e-12
0.11400000000000002 1.9527962682193744e-11
0.11500000000000002 4.941884801620128e-11
0.11600000000000002 7.839079171550785e-11
0.11700000000000002 9.138005391181732e-11
0.11800000000000002 8.373131743804984e-11
0.11900000000000002 6.320098257452442e-11
0.12000000000000002 4.1838465625515414e-11
0.12100000000000002 2.6574654430301616e-11
0.12200000000000003 1.820960083601217e-11
0.12300000000000003 2.111863983974567e-11
0.12400000000000003 5.684818360068094e-11
0.12500000000000003 1.7053540409037217e-10
0.12600000000000003 4.2226641588267537e-10
0.12700000000000003 8.638123755026782e-10
0.12800000000000003 1.5097820957844599e-09
0.12900000000000003 2.316535663517152e-09
0.13000000000000003 3.1800769856101704e-09
0.13100000000000003 3.956604273796052e-09
0.13200000000000003 4.499934351810012e-09
0.13300000000000003 4.7028782267571885e-09
0.13400000000000004 4.5278877532368875e-09
0.13500000000000004 4.016469765042393e-09
0.13600000000000004 3.2749429238901932e-09
0.13700000000000004 2.44258048469774e-09
0.13800000000000004 1.6537061323570483e-09
0.13900000000000004 1.0061193335809527e-09
0.14000000000000004 5.446252791339751e-10
0.14100000000000004 2.623664105614178e-10
0.14200000000000004 1.166262510676234e-10
0.14300000000000004 5.185309920875032e-11
0.14400000000000004 2.1743973678618393e-11
0.14500000000000005 4.030325784529287e-12
0.14600000000000005 4.975139121675121e-12
0.14700000000000005 5.4140512963555655e-11
0.14800000000000005 1.9260686995203966e-10
0.14900000000000005 4.5897328899349857e-10
0.15000000000000005 8.771787146843282e-10
0.15100000000000005 1.448899404785113e-09
0.15200000000000005 2.1516003149238507e-09
0.15300000000000005 2.9417851501485543e-09
0.15400000000000005 3.761943814604193e-09
0.15500000000000005 4.5492512367762976e-09
0.15600000000000006 5.244157487346661e-09
0.15700000000000006 5.797449948892135e-09
0.15800000000000006 6.174963105660992e-09
0.15900000000000006 6.35969211155967e-09
0.16000000000000006 6.3515252961439094e-09
0.16100000000000006 6.165103742229163e-09
0.16200000000000006 5.826447329113375e-09
0.16300000000000006 5.368989084451731e-09
0.16400000000000006 4.829576351388418e-09
0.16500000000000006 4.244868518504715e-09
0.16600000000000006 3.648418176693703e-09
0.16700000000000007 3.068586432981565e-09
0.16800000000000007 2.5273257538106988e-09
0.16900000000000007 2.0397709061118346e-09
0.17000000000000007 1.6145121937030234e-09
0.17100000000000007 1.254384807377866e-09
0.17200000000000007 9.575917593887807e-10
0.17300000000000007 7.18982395874166e-10
0.17400000000000007 5.313296751595063e-10
0.17500000000000007 3.864822706714999e-10
0.17600000000000007 2.763067206662706e-10
0.17700000000000007 1.9337506446108482e-10
0.17800000000000007 1.3139013338431984e-10
0.17900000000000008 8.537050351779527e-11
0.18000000000000008 5.16380633561429e-11
0.18100000000000008 2.7662627430811223e-11
0.18200000000000008 1.1820714062343072e-11
0.18300000000000008 3.1211093080284093e-12
0.18400000000000008 9.403043093444786e-13
0.18500000000000008 4.7986109411619266e-12
0.18600000000000008 1.4194841153910955e-11
0.18700000000000008 2.8505577264399203e-11
0.18800000000000008 4.694542901933258e-11
0.18900000000000008 6.857787960143423e-11
0.19000000000000009 9.23624815991637e-11
0.1910000000000001 1.1722300255673463e-10
0.1920000000000001 1.4212210949525177e-10
0.1930000000000001 1.6613066901758877e-10
0.1940000000000001 1.8848305776392692e-10
0.1950000000000001 2.0861343199692023e-10
0.1960000000000001 2.2617122412900922e-10
0.1970000000000001 2.410168947421362e-10
0.1980000000000001 2.532009943324173e-10
0.1990000000000001 2.6293083115511923e-10
0.2000000000000001 2.7052955148651383e-10
0.2010000000000001 2.763923352308428e-10
0.2020000000000001 2.80943848323796e-10
0.2030000000000001 2.8460023874993474e-10
0.2040000000000001 2.877379694315556e-10
0.2050000000000001 2.9067077873246126e-10
0.2060000000000001 2.936351463891235e-10
0.2070000000000001 2.9678388460402385e-10
0.2080000000000001 3.001869049938604e-10
0.2090000000000001 3.038378399529042e-10
0.2100000000000001 3.076650094774852e-10
0.2110000000000001 3.115451955996587e-10
0.2120000000000001 3.1531878260741003e-10
0.2130000000000001 3.188050059118735e-10
0.2140000000000001 3.218162908464489e-10
0.2150000000000001 3.2417092402252627e-10
0.2160000000000001 3.257035589946861e-10
0.2170000000000001 3.262732961201449e-10
0.2180000000000001 3.257692811116579e-10
0.2190000000000001 3.241139310063557e-10
0.2200000000000001 3.212640179655861e-10
0.2210000000000001 3.1720992200412533e-10
0.22200000000000011 3.119734075356385e-10
0.22300000000000011 3.056042912286938e-10
0.22400000000000012 2.981763565637003e-10
0.22500000000000012 2.897828402205015e-10
0.22600000000000012 2.805317731515629e-10
0.22700000000000012 2.705414103127725e-10
0.22800000000000012 2.599359320174766e-10
0.22900000000000012 2.488415502497162e-10
0.23000000000000012 2.373831075558917e-10
0.23100000000000012 2.256812159927945e-10
0.23200000000000012 2.138499499492825e-10
0.23300000000000012 2.019950797745856e-10
0.23400000000000012 1.9021281286118604e-10
0.23500000000000013 1.7858899463549e-10
0.23600000000000013 1.6719871307920063e-10
0.23700000000000013 1.5610624609978588e-10
0.23800000000000013 1.4536529041607233e-10
0.23900000000000013 1.3501941277702096e-10
0.24000000000000013 1.251026685083237e-10
0.24100000000000013 1.1564033789628882e-10
0.24200000000000013 1.0664973719195737e-10
0.24300000000000013 9.814106758191052e-11
0.24400000000000013 9.011827196223739e-11
0.24500000000000013 8.257987550290945e-11
0.24600000000000014 7.551979162023932e-11
0.24700000000000014 6.89280799754219e-11
0.24800000000000014 6.279164743565134e-11
0.24900000000000014 5.7094886563863526e-11
0.2500000000000001 5.182024916971509e-11
0.2510000000000001 4.694875480662196e-11
0.2520000000000001 4.246043590056173e-11
0.2530000000000001 3.8334722515867974e-11
0.2540000000000001 3.455077067384121e-11
0.2550000000000001 3.108773871166053e-11
0.2560000000000001 2.7925016467606463e-11
0.2570000000000001 2.504241216306702e-11
0.2580000000000001 2.242030177427945e-11
0.2590000000000001 2.003974549160808e-11
0.2600000000000001 1.7882575588391694e-11
0.2610000000000001 1.5931459695075987e-11
0.2620000000000001 1.4169943121245482e-11
0.2630000000000001 1.2582473506531453e-11
0.2640000000000001 1.1154410724743992e-11
0.2650000000000001 9.872024623536447e-12
0.2660000000000001 8.72248286084857e-12
0.2670000000000001 7.6938308031462e-12
0.2680000000000001 6.774965180960453e-12
0.26900000000000013 5.955602954862606e-12
0.27000000000000013 5.226246629178184e-12
0.27100000000000013 4.578147060104897e-12
0.27200000000000013 4.003264637695123e-12
0.27300000000000013 3.4942295753619787e-12
0.27400000000000013 3.044301914072331e-12
0.27500000000000013 2.647331739107874e-12
0.27600000000000013 2.2977200132097634e-12
0.27700000000000014 1.990380349218652e-12
0.27800000000000014 1.720701976286833e-12
0.27900000000000014 1.4845140948530054e-12
0.28000000000000014 1.2780517654933536e-12
0.28100000000000014 1.0979234343116574e-12
0.28200000000000014 9.410801616845691e-13
0.28300000000000014 8.047865910461117e-13
0.28400000000000014 6.86593669212499e-13
0.28500000000000014 5.843131088536251e-13
0.28600000000000014 4.95993566542296e-13
0.28700000000000014 4.198984958639365e-13
0.28800000000000014 3.544856239220645e-13
0.28900000000000015 2.9838799085636753e-13
0.29000000000000015 2.5039648537716027e-13
0.29100000000000015 2.0944380452573824e-13
0.29200000000000015 1.7458976264310018e-13
0.29300000000000015 1.45007872646311e-13
0.29400000000000015 1.1997312197242657e-13
0.29500000000000015 9.885086577822939e-14
0.29600000000000015 8.108676102008995e-14
0.29700000000000015 6.619766674166032e-14
0.29800000000000015 5.376343814116518e-14
0.29900000000000015 4.3419544662718424e-14
0.30000000000000016 3.4850445358354676e-14
0.30100000000000016 2.7783658011764687e-14
0.30200000000000016 2.198446192479489e-14
0.30300000000000016 1.7251177777286756e-14
0.30400000000000016 1.3410971522881513e-14
0.30500000000000016 1.0316132829620844e-14
0.30600000000000016 7.840782073907145e-15
0.30700000000000016 5.877963316325029e-15
0.30800000000000016 4.337084000843155e-15
0.30900000000000016 3.1416653037835454e-15
0.31000000000000016 2.2273700995197574e-15
0.31100000000000017 1.5402783944704356e-15
0.31200000000000017 1.0353828018643469e-15
0.31300000000000017 6.752791826322958e-16
0.31400000000000017 4.2902996115838667e-16
0.31500000000000017 2.711798394503591e-16
0.31600000000000017 1.8090568251878946e-16
0.31700000000000017 1.412842359656823e-16
0.31800000000000017 1.3866306978458872e-16
0.3190000000000002 1.6212172702233044e-16
0.3200000000000002 2.0301149972945855e-16
0.3210000000000002 2.5456356555227106e-16
0.3220000000000002 3.1155640467546897e-16
0.3230000000000002 3.70034486996693e-16
0.3240000000000002 4.2707118179399783e-16
0.3250000000000002 4.805697049627752e-16
0.3260000000000002 5.290966901786067e-16
0.3270000000000002 5.717436577968649e-16
0.3280000000000002 6.080122663112999e-16
0.3290000000000002 6.377197727409417e-16
0.3300000000000002 6.609216069785001e-16
0.3310000000000002 6.778483870566346e-16
0.3320000000000002 6.888550731935335e-16
0.3330000000000002 6.943802836545747e-16
0.3340000000000002 6.949140797782357e-16
0.3350000000000002 6.909727754284341e-16
0.3360000000000002 6.83079541718857e-16
0.3370000000000002 6.717497648088109e-16
0.3380000000000002 6.574802762434158e-16
0.3390000000000002 6.407417147229964e-16
0.3400000000000002 6.219733980524504e-16
0.3410000000000002 6.015801867730793e-16
0.3420000000000002 5.799309087859501e-16
0.3430000000000002 5.573579890709675e-16
0.3440000000000002 5.341579921024699e-16
0.3450000000000002 5.105928382764957e-16
0.3460000000000002 4.868915009340962e-16
0.3470000000000002 4.632520285645215e-16
0.3480000000000002 4.3984376853361686e-16
0.3490000000000002 4.1680969510586136e-16
0.3500000000000002 3.942687664008044e-16
0.3510000000000002 3.7231825292752324e-16
0.3520000000000002 3.5103599506764853e-16
0.3530000000000002 3.3048255883846013e-16
0.3540000000000002 3.1070326890527998e-16
0.3550000000000002 2.917301055040353e-16
0.3560000000000002 2.735834580057376e-16
0.3570000000000002 2.5627373258166746e-16
0.3580000000000002 2.398028150461583e-16
0.3590000000000002 2.241653926639904e-16
0.3600000000000002 2.0935014067921983e-16
0.3610000000000002 1.9534078069476197e-16
0.3620000000000002 1.8211701892576653e-16
0.3630000000000002 1.6965537286429535e-16
0.3640000000000002 1.579298951108119e-16
0.3650000000000002 1.4691280311727976e-16
0.3660000000000002 1.3657502340363028e-16
0.3670000000000002 1.2688665849957594e-16
0.3680000000000002 1.1781738446418636e-16
0.3690000000000002 1.0933678637618684e-16
0.3700000000000002 1.0141463869218683e-16
0.3710000000000002 9.40211368565944e-17
0.3720000000000002 8.712708603022776e-17
0.3730000000000002 8.070405229565337e-17
0.3740000000000002 7.472448120400485e-17
0.3750000000000002 6.916178805655888e-17
0.3760000000000002 6.399042386846574e-17
0.3770000000000002 5.918592054439046e-17
0.3780000000000002 5.472491840773402e-17
0.3790000000000002 5.0585178867059974e-17
0.3800000000000002 4.674558467509129e-17
0.3810000000000002 4.318612993639463e-17
0.38200000000000023 3.988790174853854e-17
0.38300000000000023 3.683305511664889e-17
0.38400000000000023 3.400478256135232e-17
0.38500000000000023 3.1387279643371466e-17
0.38600000000000023 2.8965707452853175e-17
0.38700000000000023 2.672615295609525e-17
0.38800000000000023 2.4655587955032235e-17
0.38900000000000023 2.2741827294006605e-17
0.39000000000000024 2.0973486842436826e-17
0.39100000000000024 1.9339941689514437e-17
0.39200000000000024 1.783128490666969e-17
0.39300000000000024 1.6438287163933538e-17
0.39400000000000024 1.5152357426337328e-17
0.39500000000000024 1.3965504905032343e-17
0.39600000000000024 1.2870302393900275e-17
0.39700000000000024 1.1859851085170941e-17
0.39800000000000024 1.0927746926134075e-17
0.39900000000000024 1.0068048552727974e-17
0.40000000000000024 9.275246813924114e-18
0.40100000000000025 8.544235882841773e-18
0.40200000000000025 7.870285935882236e-18
0.40300000000000025 7.249017369416685e-18
0.40400000000000025 6.6763765142805965e-18
0.40500000000000025 6.148612801158765e-18
0.40600000000000025 5.662257324576531e-18
0.40700000000000025 5.2141027493617126e-18
0.40800000000000025 4.801184500865324e-18
0.40900000000000025 4.420763178722373e-18
0.41000000000000025 4.0703081333023565e-18
0.41100000000000025 3.747482144097206e-18
0.41200000000000025 3.4501271399733144e-18
0.41300000000000026 3.176250902366104e-18
0.41400000000000026 2.9240146940159784e-18
0.41500000000000026 2.6917217576474263e-18
0.41600000000000026 2.4778066310099923e-18
0.41700000000000026 2.2808252268674842e-18
0.41800000000000026 2.0994456287893107e-18
0.41900000000000026 1.932439555924311e-18
0.42000000000000026 1.778674452288467e-18
0.42100000000000026 1.6371061584415167e-18
0.42200000000000026 1.5067721257466964e-18
0.42300000000000026 1.3867851356779913e-18
0.42400000000000027 1.2763274888512614e-18
0.42500000000000027 1.1746456305950843e-18
0.42600000000000027 1.0810451819381131e-18
0.42700000000000027 9.948863468652628e-19
0.42800000000000027 9.15579668581598e-19
0.42900000000000027 8.425821093195262e-19
0.43000000000000027 7.7539342992877e-19
0.43100000000000027 7.135528471021641e-19
0.4320000000000003 6.566359476138149e-19
0.4330000000000003 6.04251840381225e-19
0.4340000000000003 5.560405285129184e-19
0.4350000000000003 5.116704847700954e-19
0.4360000000000003 4.708364150585113e-19
0.4370000000000003 4.332571956781214e-19
0.4380000000000003 3.9867397109688887e-19
0.4390000000000003 3.6684839998489217e-19
0.4400000000000003 3.37561038149291e-19
0.4410000000000003 3.106098478529846e-19
0.4420000000000003 2.858088237839689e-19
0.4430000000000003 2.629867266715307e-19
0.4440000000000003 2.4198591622280603e-19
0.4450000000000003 2.226612756823755e-19
0.4460000000000003 2.0487922090132516e-19
0.4470000000000003 1.885167873434252e-19
0.4480000000000003 1.7346078895793166e-19
0.4490000000000003 1.5960704331321138e-19
0.4500000000000003 1.4685965781578624e-19
0.4510000000000003 1.3513037223771151e-19
0.4520000000000003 1.2433795314369403e-19
0.4530000000000003 1.1440763615014486e-19
0.4540000000000003 1.0527061226345966e-19
0.4550000000000003 9.686355483597684e-20
0.4560000000000003 8.912818394714658e-20
0.4570000000000003 8.201086526592066e-20
0.4580000000000003 7.54622406799199e-20
0.4590000000000003 6.943688818878363e-20
0.4600000000000003 6.389300875472642e-20
0.4610000000000003 5.879213798382832e-20
0.4620000000000003 5.4098880678133266e-20
0.4630000000000003 4.9780666452330244e-20
0.4640000000000003 4.580752475050226e-20
0.4650000000000003 4.2151877729198433e-20
0.4660000000000003 3.878834959363198e-20
0.4670000000000003 3.569359108498566e-20
0.4680000000000003 3.2846117919301067e-20
0.4690000000000003 3.0226162072923074e-20
0.4700000000000003 2.7815534896575386e-20
0.4710000000000003 2.5597501120423178e-20
0.4720000000000003 2.3556662886476445e-20
0.4730000000000003 2.167885301287833e-20
0.4740000000000003 1.9951036757463167e-20
0.4750000000000003 1.836122140586473e-20
0.4760000000000003 1.6898373062818147e-20
0.4770000000000003 1.5552340074440964e-20
0.4780000000000003 1.4313782554573384e-20
0.4790000000000003 1.3174107529970915e-20
0.4800000000000003 1.2125409257575036e-20
0.4810000000000003 1.1160414302488856e-20
0.4820000000000003 1.0272430997892356e-20
0.4830000000000003 9.455302938164232e-21
0.4840000000000003 8.703366184142352e-21
0.4850000000000003 8.011409884929378e-21
0.4860000000000003 7.374640044115619e-21
0.4870000000000003 6.788646179898063e-21
0.4880000000000003 6.2493706484739405e-21
0.4890000000000003 5.753080418410391e-21
0.4900000000000003 5.296341100567231e-21
0.4910000000000003 4.875993053685122e-21
0.4920000000000003 4.489129400059146e-21
0.4930000000000003 4.1330757988892246e-21
0.4940000000000003 3.805371837028646e-21
0.49500000000000033 3.503753908015914e-21
0.49600000000000033 3.226139460558145e-21
0.49700000000000033 2.970612507096986e-21
0.49800000000000033 2.7354102918020287e-21
0.49900000000000033 2.5189110253576327e-21
