0.1 9.556474337678454e-12
0.101 -6.220993065234242e-11
0.10200000000000001 -1.1938621402565688e-10
0.10300000000000001 -9.170181123377544e-11
0.10400000000000001 5.148460292725682e-11
0.10500000000000001 2.7076866804036804e-10
0.10600000000000001 4.746027150535272e-10
0.10700000000000001 5.733490640453954e-10
0.10800000000000001 5.311831485870689e-10
0.10900000000000001 3.8170205510545264e-10
0.11000000000000001 2.0137431332964711e-10
0.11100000000000002 6.332349391880737e-11
0.11200000000000002 2.243157746523196e-12
0.11300000000000002 7.906610098932828e-12
0.11400000000000002 4.366251580958795e-11
0.11500000000000002 7.298304450340922e-11
0.11600000000000002 7.754185297613883e-11
0.11700000000000002 5.995449260430153e-11
0.11800000000000002 3.4657032894228066e-11
0.11900000000000002 1.5514427371155504e-11
0.12000000000000002 7.800463795611388e-12
0.12100000000000002 7.79933774311477e-12
0.12200000000000003 8.670890969796742e-12
0.12300000000000003 8.423963034962592e-12
0.12400000000000003 1.5409250399959554e-11
0.12500000000000003 4.8267038339917744e-11
0.12600000000000003 1.2988606308022798e-10
0.12700000000000003 2.776107251581256e-10
0.12800000000000003 4.936716362890217e-10
0.12900000000000003 7.599313600454916e-10
0.13000000000000003 1.0394716427101344e-09
0.13100000000000003 1.2849334257731766e-09
0.13200000000000003 1.450935345033022e-09
0.13300000000000003 1.5063870939195119e-09
0.13400000000000004 1.4426360540742143e-09
0.13500000000000004 1.2749927346330995e-09
0.13600000000000004 1.0375476592154133e-09
0.13700000000000004 7.733756954980527e-10
0.13800000000000004 5.234652301873461e-10
0.13900000000000004 3.1770245474269883e-10
0.14000000000000004 1.7017195183243547e-10
0.14100000000000004 7.94274822047743e-11
0.14200000000000004 3.285102612597508e-11
0.14300000000000004 1.3220105464479241e-11
0.14400000000000004 5.3392799069221525e-12
0.14500000000000005 9.838391109822137e-13
0.14600000000000005 1.191061835365593e-12
0.14700000000000005 1.580085777685106e-11
0.14800000000000005 6.083445120810527e-11
0.14900000000000005 1.546692638252566e-10
0.15000000000000005 3.140110686881898e-10
0.15100000000000005 5.504654348489121e-10
0.15200000000000005 8.681946415968874e-10
0.15300000000000005 1.2628298934887583e-09
0.15400000000000005 1.7215679327169785e-09
0.15500000000000005 2.2242430357129645e-09
0.15600000000000006 2.7451169520743295e-09
0.15700000000000006 3.2551363575522517e-09
0.15800000000000006 3.72443359729176e-09
0.15900000000000006 4.124867200369176e-09
0.16000000000000006 4.432405984355604e-09
0.16100000000000006 4.6291612121903945e-09
0.16200000000000006 4.70487948983569e-09
0.16300000000000006 4.657738704041929e-09
0.16400000000000006 4.49434731458633e-09
0.16500000000000006 4.228931061606784e-09
0.16600000000000006 3.881788971889332e-09
0.16700000000000007 3.477195269884886e-09
0.16800000000000007 3.040997468141411e-09
0.16900000000000007 2.5981993464869463e-09
0.17000000000000007 2.1708135106369406e-09
0.17100000000000007 1.7762227460134005e-09
0.17200000000000007 1.426210971732792e-09
0.17300000000000007 1.1267270964232849e-09
0.17400000000000007 8.783446332572732e-10
0.17500000000000007 6.772919117569372e-10
0.17600000000000007 5.168641511121797e-10
0.17700000000000007 3.8899658937092285e-10
0.17800000000000007 2.857788351820369e-10
0.17900000000000008 2.0072109566649473e-10
0.18000000000000008 1.2963553736264428e-10
0.18100000000000008 7.106111297918376e-11
0.18200000000000008 2.622756027387131e-11
0.18300000000000008 -1.3852311012127368e-12
0.18400000000000008 -6.7897384160395176e-12
0.18500000000000008 1.559586696548437e-11
0.18600000000000008 7.100342227954719e-11
0.18700000000000008 1.6346984761718365e-10
0.18800000000000008 2.951975800709995e-10
0.18900000000000008 4.661918867188587e-10
0.19000000000000009 6.74207281259366e-10
0.1910000000000001 9.149962699877059e-10
0.1920000000000001 1.1828193207633278e-09
0.1930000000000001 1.4711485211515676e-09
0.1940000000000001 1.7734807846832292e-09
0.1950000000000001 2.084170267470952e-09
0.1960000000000001 2.399193281406701e-09
0.1970000000000001 2.7167709137988754e-09
0.1980000000000001 3.037792639397197e-09
0.1990000000000001 3.366005983054586e-09
0.2000000000000001 3.7079602875788e-09
0.2010000000000001 4.072714616521365e-09
0.2020000000000001 4.471338935520005e-09
0.2030000000000001 4.916252640449234e-09
0.2040000000000001 5.42045446036251e-09
0.2050000000000001 5.996702516360684e-09
0.2060000000000001 6.656703092929519e-09
0.2070000000000001 7.410362081099575e-09
0.2080000000000001 8.265144954236345e-09
0.2090000000000001 9.225580561062674e-09
0.2100000000000001 1.0292932036587154e-08
0.2110000000000001 1.146504576487878e-08
0.2120000000000001 1.2736377486401795e-08
0.2130000000000001 1.4098184068919492e-08
0.2140000000000001 1.5538860702456797e-08
0.2150000000000001 1.7044396680275438e-08
0.2160000000000001 1.859891863949983e-08
0.2170000000000001 2.0185288133245212e-08
0.2180000000000001 2.1785720523106727e-08
0.2190000000000001 2.338239413897925e-08
0.2200000000000001 2.4958022101028873e-08
0.2210000000000001 2.649636374530916e-08
0.22200000000000011 2.7982657840874574e-08
0.22300000000000011 2.9403965350729118e-08
0.22400000000000012 3.0749415027910374e-08
0.22500000000000012 3.201035036015327e-08
0.22600000000000012 3.318038105120093e-08
0.22700000000000012 3.4255346187443e-08
0.22800000000000012 3.523319938156769e-08
0.22900000000000012 3.6113828465292595e-08
0.23000000000000012 3.6898823727000694e-08
0.23100000000000012 3.759120930618242e-08
0.23200000000000012 3.8195152246412e-08
0.23300000000000012 3.8715662977399456e-08
0.23400000000000012 3.9158299763310594e-08
0.23500000000000013 3.952888804414915e-08
0.23600000000000013 3.983326373292028e-08
0.23700000000000013 4.007704753011135e-08
0.23800000000000013 4.0265455283614364e-08
0.23900000000000013 4.040314744693027e-08
0.24000000000000013 4.0494118845394484e-08
0.24100000000000013 4.05416283062687e-08
0.24200000000000013 4.0548166284018366e-08
0.24300000000000013 4.0515457441511026e-08
0.24400000000000013 4.044449424135383e-08
0.24500000000000013 4.033559695707752e-08
0.24600000000000014 4.018849511910549e-08
0.24700000000000014 4.000242524507935e-08
0.24800000000000014 3.977623974204363e-08
0.24900000000000014 3.950852207930557e-08
0.2500000000000001 3.919770368349345e-08
0.2510000000000001 3.8842178469150495e-08
0.2520000000000001 3.8440411457717746e-08
0.2530000000000001 3.799103852547356e-08
0.2540000000000001 3.749295493033735e-08
0.2550000000000001 3.6945390874916315e-08
0.2560000000000001 3.634797294912388e-08
0.2570000000000001 3.5700770844016666e-08
0.2580000000000001 3.500432922691904e-08
0.2590000000000001 3.425968510761661e-08
0.2600000000000001 3.346837140084707e-08
0.2610000000000001 3.2632407698913286e-08
0.2620000000000001 3.175427950986321e-08
0.2630000000000001 3.083690739336716e-08
0.2640000000000001 2.988360754190634e-08
0.2650000000000001 2.8898045414222073e-08
0.2660000000000001 2.7884184037134787e-08
0.2670000000000001 2.6846228557418235e-08
0.2680000000000001 2.578856855428035e-08
0.26900000000000013 2.471571952206154e-08
0.27000000000000013 2.363226480877088e-08
0.27100000000000013 2.254279915538617e-08
0.27200000000000013 2.1451874829386682e-08
0.27300000000000013 2.0363951189048632e-08
0.27400000000000013 1.9283348357317275e-08
0.27500000000000013 1.82142055295862e-08
0.27600000000000013 1.7160444291785515e-08
0.27700000000000014 1.6125737186505055e-08
0.27800000000000014 1.511348163748961e-08
0.27900000000000014 1.4126779228200383e-08
0.28000000000000014 1.3168420229203718e-08
0.28100000000000014 1.2240873182345333e-08
0.28200000000000014 1.1346279277091182e-08
0.28300000000000014 1.0486451195742626e-08
0.28400000000000014 9.662876058909554e-09
0.28500000000000014 8.876722069834379e-09
0.28600000000000014 8.128848434941372e-09
0.28700000000000014 7.419818127245119e-09
0.28800000000000014 6.749913057821528e-09
0.28900000000000015 6.119151227222063e-09
0.29000000000000015 5.52730544229824e-09
0.29100000000000015 4.9739232032133526e-09
0.29200000000000015 4.458347389323182e-09
0.29300000000000015 3.979737400054649e-09
0.29400000000000015 3.5370904368965525e-09
0.29500000000000015 3.1292626442748985e-09
0.29600000000000015 2.754989859589369e-09
0.29700000000000015 2.4129077553565816e-09
0.29800000000000015 2.101571188628275e-09
0.29900000000000015 1.819472604115933e-09
0.30000000000000016 1.565059367348084e-09
0.30100000000000016 1.336749932372601e-09
0.30200000000000016 1.1329487747448825e-09
0.30300000000000016 9.520600446306378e-10
0.30400000000000016 7.924999166836514e-10
0.30500000000000016 6.527076328764323e-10
0.30600000000000016 5.311552516505356e-10
0.30700000000000016 4.2635613165339574e-10
0.30800000000000016 3.3687219100129353e-10
0.30900000000000016 2.613199935524419e-10
0.31000000000000016 1.9837572220944148e-10
0.31100000000000017 1.4677910593099452e-10
0.31200000000000017 1.0533637206661201e-10
0.31300000000000017 7.292229899047541e-11
0.31400000000000017 4.8481445960238066e-11
0.31500000000000017 3.1028637821519346e-11
0.31600000000000017 1.964878177594183e-11
0.31700000000000017 1.3496092082241947e-11
0.31800000000000017 1.1792796408076518e-11
0.3190000000000002 1.3827394735559938e-11
0.3200000000000002 1.895253837010562e-11
0.3210000000000002 2.658259282912018e-11
0.3220000000000002 3.619094430238942e-11
0.3230000000000002 4.730710507442366e-11
0.3240000000000002 5.951366886912603e-11
0.3250000000000002 7.244316259289223e-11
0.3260000000000002 8.577483648150798e-11
0.3270000000000002 9.923143025370879e-11
0.3280000000000002 1.1257594858933064e-10
0.3290000000000002 1.2560847512031257e-10
0.3300000000000002 1.3816305018150148e-10
0.3310000000000002 1.5010463383815048e-10
0.3320000000000002 1.6132617220776695e-10
0.3330000000000002 1.7174578183745152e-10
0.3340000000000002 1.813040638912765e-10
0.3350000000000002 1.8996155714940864e-10
0.3360000000000002 1.9769633632043982e-10
0.3370000000000002 2.0450175991684415e-10
0.3380000000000002 2.1038436993444653e-10
0.3390000000000002 2.1536194380110585e-10
0.3400000000000002 2.1946169750719458e-10
0.3410000000000002 2.2271863748918308e-10
0.3420000000000002 2.2517405769449791e-10
0.3430000000000002 2.268741772975743e-10
0.3440000000000002 2.2786891374989513e-10
0.3450000000000002 2.2821078521636138e-10
0.3460000000000002 2.2795393596296223e-10
0.3470000000000002 2.2715327790232928e-10
0.3480000000000002 2.258637412614919e-10
0.3490000000000002 2.241396271963792e-10
0.3500000000000002 2.2203405512878122e-10
0.3510000000000002 2.1959849761139925e-10
0.3520000000000002 2.1688239562483807e-10
0.3530000000000002 2.1393284736606945e-10
0.3540000000000002 2.1079436379240728e-10
0.3550000000000002 2.0750868442908286e-10
0.3560000000000002 2.041146472242668e-10
0.3570000000000002 2.006481065362103e-10
0.3580000000000002 1.9714189365578295e-10
0.3590000000000002 1.9362581459916428e-10
0.3600000000000002 1.901266802440393e-10
0.3610000000000002 1.8666836422439598e-10
0.3620000000000002 1.8327188433974782e-10
0.3630000000000002 1.799555035710332e-10
0.3640000000000002 1.7673484712506196e-10
0.3650000000000002 1.736230322492106e-10
0.3660000000000002 1.7063080786695512e-10
0.3670000000000002 1.6776670138060881e-10
0.3680000000000002 1.650371702694757e-10
0.3690000000000002 1.6244675637847308e-10
0.3700000000000002 1.5999824104372324e-10
0.3710000000000002 1.5769279943702552e-10
0.3720000000000002 1.5553015273058777e-10
0.3730000000000002 1.5350871688696158e-10
0.3740000000000002 1.5162574706667557e-10
0.3750000000000002 1.4987747681837532e-10
0.3760000000000002 1.482592513734888e-10
0.3770000000000002 1.4676565451010156e-10
0.3780000000000002 1.453906285795142e-10
0.3790000000000002 1.4412758740461277e-10
0.3800000000000002 1.4296952186211054e-10
0.3810000000000002 1.4190909805194447e-10
0.38200000000000023 1.409387480372123e-10
0.38300000000000023 1.4005075320774632e-10
0.38400000000000023 1.3923732038062941e-10
0.38500000000000023 1.3849065080213915e-10
0.38600000000000023 1.3780300225876466e-10
0.38700000000000023 1.3716674454056006e-10
0.38800000000000023 1.3657440852894893e-10
0.38900000000000023 1.3601872920376364e-10
0.39000000000000024 1.3549268288148223e-10
0.39100000000000024 1.3498951900880302e-10
0.39200000000000024 1.3450278684348235e-10
0.39300000000000024 1.340263573582658e-10
0.39400000000000024 1.3355444070418604e-10
0.39500000000000024 1.330815995670282e-10
0.39600000000000024 1.3260275874568692e-10
0.39700000000000024 1.3211321127393334e-10
0.39800000000000024 1.3160862139801175e-10
0.39900000000000024 1.3108502471194694e-10
0.40000000000000024 1.305388257406144e-10
0.40100000000000025 1.2996679324789413e-10
0.40200000000000025 1.293660535337189e-10
0.40300000000000025 1.287340819698301e-10
0.40400000000000025 1.2806869300972218e-10
0.40500000000000025 1.2736802889371198e-10
0.40600000000000025 1.266305472555748e-10
0.40700000000000025 1.258550078227188e-10
0.40800000000000025 1.2504045838763938e-10
0.40900000000000025 1.2418622021447325e-10
0.41000000000000025 1.232918730308802e-10
0.41100000000000025 1.2235723974237932e-10
0.41200000000000025 1.2138237099360504e-10
0.41300000000000026 1.203675296888377e-10
0.41400000000000026 1.1931317557263822e-10
0.41500000000000026 1.1821994996039378e-10
0.41600000000000026 1.1708866069825762e-10
0.41700000000000026 1.1592026742215518e-10
0.41800000000000026 1.1471586717639025e-10
0.41900000000000026 1.134766804437916e-10
0.42000000000000026 1.1220403763140525e-10
0.42100000000000026 1.1089936604830706e-10
0.42200000000000026 1.0956417740533253e-10
0.42300000000000026 1.0820005586022326e-10
0.42400000000000027 1.0680864662595718e-10
0.42500000000000027 1.0539164515481385e-10
0.42600000000000027 1.0395078690596977e-10
0.42700000000000027 1.0248783770015613e-10
0.42800000000000027 1.0100458466106314e-10
0.42900000000000027 9.950282773976947e-11
0.43000000000000027 9.798437181543567e-11
0.43100000000000027 9.645101936284651e-11
0.4320000000000003 9.490456367506729e-11
0.4330000000000003 9.33467826274793e-11
0.4340000000000003 9.177943296776544e-11
0.4350000000000003 9.020424511497483e-11
0.4360000000000003 8.862291844963812e-11
0.4370000000000003 8.7037117075947e-11
0.4380000000000003 8.544846603628724e-11
0.4390000000000003 8.385854795786723e-11
0.4400000000000003 8.226890011083146e-11
0.4410000000000003 8.068101185702711e-11
0.4420000000000003 7.909632246852748e-11
0.4430000000000003 7.75162192950886e-11
0.4440000000000003 7.594203625986352e-11
0.4450000000000003 7.437505266298487e-11
0.4460000000000003 7.281649227297429e-11
0.4470000000000003 7.126752268636522e-11
0.4480000000000003 6.972925493642003e-11
0.4490000000000003 6.820274333237e-11
0.4500000000000003 6.668898551118899e-11
0.4510000000000003 6.518892268455315e-11
0.4520000000000003 6.370344006428135e-11
0.4530000000000003 6.223336745023571e-11
0.4540000000000003 6.07794799653553e-11
0.4550000000000003 5.934249892319671e-11
0.4560000000000003 5.792309281406831e-11
0.4570000000000003 5.652187839655004e-11
0.4580000000000003 5.513942188189981e-11
0.4590000000000003 5.377624019954493e-11
0.4600000000000003 5.243280233254703e-11
0.4610000000000003 5.1109530712606726e-11
0.4620000000000003 4.980680266482896e-11
0.4630000000000003 4.852495189312759e-11
0.4640000000000003 4.726426999775838e-11
0.4650000000000003 4.602500801708601e-11
0.4660000000000003 4.4807377986274886e-11
0.4670000000000003 4.361155450615006e-11
0.4680000000000003 4.24376763160227e-11
0.4690000000000003 4.1285847864788056e-11
0.4700000000000003 4.0156140875100835e-11
0.4710000000000003 3.904859589590025e-11
0.4720000000000003 3.796322383901154e-11
0.4730000000000003 3.690000749596702e-11
0.4740000000000003 3.585890303160151e-11
0.4750000000000003 3.483984145134607e-11
0.4760000000000003 3.3842730039511835e-11
0.4770000000000003 3.286745376618284e-11
0.4780000000000003 3.191387666065765e-11
0.4790000000000003 3.0981843149672086e-11
0.4800000000000003 3.0071179358908396e-11
0.4810000000000003 2.918169437655545e-11
0.4820000000000003 2.8313181477921517e-11
0.4830000000000003 2.746541931031684e-11
0.4840000000000003 2.6638173037634017e-11
0.4850000000000003 2.5831195444232874e-11
0.4860000000000003 2.5044227997914884e-11
0.4870000000000003 2.42770018719256e-11
0.4880000000000003 2.3529238926067365e-11
0.4890000000000003 2.2800652647135046e-11
0.4900000000000003 2.2090949049005747e-11
0.4910000000000003 2.1399827532815892e-11
0.4920000000000003 2.0726981707760122e-11
0.4930000000000003 2.0072100173122775e-11
0.4940000000000003 1.9434867262235127e-11
0.49500000000000033 1.8814963749111174e-11
0.49600000000000033 1.8212067518574737e-11
0.49700000000000033 1.7625854200739486e-11
0.49800000000000033 1.705599777074333e-11
0.49900000000000033 1.6502171114675413e-11
