0.1 -2.6768794573819127e-11
0.101 -7.322852946365443e-11
0.10200000000000001 -1.6034164654721497e-10
0.10300000000000001 -2.748091697170002e-10
0.10400000000000001 -3.809166985526369e-10
0.10500000000000001 -4.3821456878091814e-10
0.10600000000000001 -4.240610908375853e-10
0.10700000000000001 -3.456693455590017e-10
0.10800000000000001 -2.3443563723379645e-10
0.10900000000000001 -1.279098872172261e-10
0.11000000000000001 -5.1889251005967334e-11
0.11100000000000002 -1.2628983150655879e-11
0.11200000000000002 -8.182107860344152e-13
0.11300000000000002 -1.759537190576197e-12
0.11400000000000002 -4.4112326796295375e-12
0.11500000000000002 -4.993061682906696e-12
0.11600000000000002 -5.263686280220822e-12
0.11700000000000002 -8.334493290173118e-12
0.11800000000000002 -1.5133695545432337e-11
0.11900000000000002 -2.3262647822607892e-11
0.12000000000000002 -2.8308041330531573e-11
0.12100000000000002 -2.6517214466150345e-11
0.12200000000000003 -1.7328831657347276e-11
0.12300000000000003 -4.478664516314207e-12
0.12400000000000003 4.91727906449045e-12
0.12500000000000003 3.0072433937872528e-12
0.12600000000000003 -1.5496732709759787e-11
0.12700000000000003 -5.0768498716817867e-11
0.12800000000000003 -9.718712818832361e-11
0.12900000000000003 -1.4485997060038185e-10
0.13000000000000003 -1.8275585576757417e-10
0.13100000000000003 -2.0221207631709325e-10
0.13200000000000003 -1.994933381794074e-10
0.13300000000000003 -1.7654765223612841e-10
0.13400000000000004 -1.3986954511570186e-10
0.13500000000000004 -9.80907824043328e-11
0.13600000000000004 -5.929216400869953e-11
0.13700000000000004 -2.89707152083616e-11
0.13800000000000004 -9.201822538553046e-12
0.13900000000000004 9.813701752696857e-13
0.14000000000000004 4.3899429394173524e-12
0.14100000000000004 4.2500692041823805e-12
0.14200000000000004 3.069072259570852e-12
0.14300000000000004 2.0913122284098917e-12
0.14400000000000004 1.360401249505854e-12
0.14500000000000005 1.90704268026989e-13
0.14600000000000005 -2.2375464982206003e-12
0.14700000000000005 -6.4087924647054194e-12
0.14800000000000005 -1.2261133998923869e-11
0.14900000000000005 -1.9232474103898804e-11
0.15000000000000005 -2.646414480903866e-11
0.15100000000000005 -3.302709763458758e-11
0.15200000000000005 -3.8061923229149393e-11
0.15300000000000005 -4.0788245536322574e-11
0.15400000000000005 -4.040955899029751e-11
0.15500000000000005 -3.598877596609695e-11
0.15600000000000006 -2.638273421048486e-11
0.15700000000000006 -1.0300817638018555e-11
0.15800000000000006 1.3494127179301509e-11
0.15900000000000006 4.587706815653347e-11
0.16000000000000006 8.701962978267815e-11
0.16100000000000006 1.3610927211413113e-10
0.16200000000000006 1.9121204809968878e-10
0.16300000000000006 2.493301805214014e-10
0.16400000000000006 3.0666118600318806e-10
0.16500000000000006 3.5902027640467774e-10
0.16600000000000006 4.0235306210685156e-10
0.16700000000000007 4.332482618798238e-10
0.16800000000000007 4.4936249158431295e-10
0.16900000000000007 4.496889613838106e-10
0.17000000000000007 4.346333553498983e-10
0.17100000000000007 4.058959145939757e-10
0.17200000000000007 3.661915067545731e-10
0.17300000000000007 3.1886348912976754e-10
0.17400000000000007 2.6745912384848875e-10
0.17500000000000007 2.1533351297295026e-10
0.17600000000000007 1.6533719079365166e-10
0.17700000000000007 1.1962302870501437e-10
0.17800000000000007 7.958518745404811e-11
0.17900000000000008 4.592067505934085e-11
0.18000000000000008 1.878609457727679e-11
0.18100000000000008 -1.9893206882989832e-12
0.18200000000000008 -1.6677349939045874e-11
0.18300000000000008 -2.5451052254737326e-11
0.18400000000000008 -2.8242866312024024e-11
0.18500000000000008 -2.4679304714542502e-11
0.18600000000000008 -1.4097119555292759e-11
0.18700000000000008 4.3673561482199524e-12
0.18800000000000008 3.163468785579488e-11
0.18900000000000008 6.851068586219868e-11
0.19000000000000009 1.1551552535036324e-10
0.1910000000000001 1.7274129715452009e-10
0.1920000000000001 2.3976087561556757e-10
0.1930000000000001 3.1560364750260535e-10
0.1940000000000001 3.9880487060934817e-10
0.1950000000000001 4.875263869095294e-10
0.1960000000000001 5.797381544206311e-10
0.1970000000000001 6.734434199779552e-10
0.1980000000000001 7.669258915752128e-10
0.1990000000000001 8.589952472861823e-10
0.2000000000000001 9.492077207720772e-10
0.2010000000000001 1.0380410752752119e-09
0.2020000000000001 1.1270075843771716e-09
0.2030000000000001 1.2186941332967768e-09
0.2040000000000001 1.316724650181131e-09
0.2050000000000001 1.4256462005878665e-09
0.2060000000000001 1.5507457237214967e-09
0.2070000000000001 1.6978091499883784e-09
0.2080000000000001 1.8728382307077437e-09
0.2090000000000001 2.0817426739390576e-09
0.2100000000000001 2.33002607842777e-09
0.2110000000000001 2.622483760566769e-09
0.2120000000000001 2.9629290329511644e-09
0.2130000000000001 3.3539620352829867e-09
0.2140000000000001 3.796792093575126e-09
0.2150000000000001 4.291121059466566e-09
0.2160000000000001 4.835091418147038e-09
0.2170000000000001 5.425299386788021e-09
0.2180000000000001 6.056869954978777e-09
0.2190000000000001 6.7235879998336644e-09
0.2200000000000001 7.418077349125973e-09
0.2210000000000001 8.132018026815373e-09
0.22200000000000011 8.856390913767214e-09
0.22300000000000011 9.58173867122796e-09
0.22400000000000012 1.0298431953507066e-08
0.22500000000000012 1.0996930603783145e-08
0.22600000000000012 1.1668030591900225e-08
0.22700000000000012 1.2303088816315418e-08
0.22800000000000012 1.2894219453397963e-08
0.22900000000000012 1.3434457199668013e-08
0.23000000000000012 1.391788442837824e-08
0.23100000000000012 1.4339720895031864e-08
0.23200000000000012 1.4696376114540506e-08
0.23300000000000012 1.498546584813395e-08
0.23400000000000012 1.5205795247751868e-08
0.23500000000000013 1.535731209047721e-08
0.23600000000000013 1.5441034189096112e-08
0.23700000000000013 1.5458955491599303e-08
0.23800000000000013 1.5413935595776688e-08
0.23900000000000013 1.530957742534507e-08
0.24000000000000013 1.5150097666554146e-08
0.24100000000000013 1.4940194277231583e-08
0.24200000000000013 1.4684914983336256e-08
0.24300000000000013 1.4389530200813078e-08
0.24400000000000013 1.4059413290997337e-08
0.24500000000000013 1.369993050189951e-08
0.24600000000000014 1.3316342388379643e-08
0.24700000000000014 1.2913717961063386e-08
0.24800000000000014 1.249686230288703e-08
0.24900000000000014 1.2070257925806622e-08
0.2500000000000001 1.1638019727374849e-08
0.2510000000000001 1.1203863053286237e-08
0.2520000000000001 1.0771084080389175e-08
0.2530000000000001 1.034255150527776e-08
0.2540000000000001 9.920708354561495e-09
0.2550000000000001 9.507582620635699e-09
0.2560000000000001 9.104805366395824e-09
0.2570000000000001 8.713634928030582e-09
0.2580000000000001 8.334985870457367e-09
0.2590000000000001 7.969461408509908e-09
0.2600000000000001 7.617388092054592e-09
0.2610000000000001 7.2788516584254285e-09
0.2620000000000001 6.953733074942593e-09
0.2630000000000001 6.641743922355491e-09
0.2640000000000001 6.342460401969995e-09
0.2650000000000001 6.0553553807843845e-09
0.2660000000000001 5.779828016640713e-09
0.2670000000000001 5.515230626349798e-09
0.2680000000000001 5.260892571758154e-09
0.26900000000000013 5.016141040188154e-09
0.27000000000000013 4.7803186855446345e-09
0.27100000000000013 4.552798174067172e-09
0.27200000000000013 4.332993744078468e-09
0.27300000000000013 4.1203699423359775e-09
0.27400000000000013 3.91444774123957e-09
0.27500000000000013 3.7148082719078965e-09
0.27600000000000013 3.5210944289011207e-09
0.27700000000000014 3.33301061415317e-09
0.27800000000000014 3.1503208915588173e-09
0.27900000000000014 2.9728458207467515e-09
0.28000000000000014 2.800458229967289e-09
0.28100000000000014 2.633078174791771e-09
0.28200000000000014 2.4706673124807046e-09
0.28300000000000014 2.313222902361771e-09
0.28400000000000014 2.1607716212260305e-09
0.28500000000000014 2.013363360359497e-09
0.28600000000000014 1.8710651480465827e-09
0.28700000000000014 1.7339553187798843e-09
0.28800000000000014 1.6021180284631782e-09
0.28900000000000015 1.475638193984968e-09
0.29000000000000015 1.354596915970977e-09
0.29100000000000015 1.2390674255156943e-09
0.29200000000000015 1.1291115793981288e-09
0.29300000000000015 1.0247769137981383e-09
0.29400000000000015 9.26094253877667e-10
0.29500000000000015 8.330758657736979e-10
0.29600000000000015 7.457141285115559e-10
0.29700000000000015 6.639806960149929e-10
0.29800000000000015 5.878261136589183e-10
0.29900000000000015 5.171798495603633e-10
0.30000000000000016 4.5195069790299726e-10
0.30100000000000016 3.9202750989855727e-10
0.30200000000000016 3.37280207362812e-10
0.30300000000000016 2.875610341812332e-10
0.30400000000000016 2.42706002021313e-10
0.30500000000000016 2.0253648838139622e-10
0.30600000000000016 1.668609473226719e-10
0.30700000000000016 1.3547669589677532e-10
0.30800000000000016 1.0817174224747601e-10
0.30900000000000016 8.472662453522043e-11
0.31000000000000016 6.491623312224841e-11
0.31100000000000017 4.851159178812688e-11
0.31200000000000017 3.528157705603856e-11
0.31300000000000017 2.4994557944835264e-11
0.31400000000000017 1.741994157534906e-11
0.31500000000000017 1.2329613015572716e-11
0.31600000000000017 9.499260519955882e-12
0.31700000000000017 8.709579883197026e-12
0.31800000000000017 9.747353973172605e-12
0.3190000000000002 1.2406405624771628e-11
0.3200000000000002 1.648842396163741e-11
0.3210000000000002 2.1803665868306883e-11
0.3220000000000002 2.8171535766077584e-11
0.3230000000000002 3.5421048059302e-11
0.3240000000000002 4.33911776260215e-11
0.3250000000000002 5.1931104539209896e-11
0.3260000000000002 6.090035983689556e-11
0.3270000000000002 7.016887962464533e-11
0.3280000000000002 7.961697510820263e-11
0.3290000000000002 8.913522633207128e-11
0.3300000000000002 9.862430745732954e-11
0.3310000000000002 1.0799475136319366e-10
0.3320000000000002 1.1716666121664907e-10
0.3330000000000002 1.260693764365675e-10
0.3340000000000002 1.3464110019558192e-10
0.3350000000000002 1.4282849526740028e-10
0.3360000000000002 1.5058625464978973e-10
0.3370000000000002 1.5787665298462186e-10
0.3380000000000002 1.6466908436545628e-10
0.3390000000000002 1.7093959167819324e-10
0.3400000000000002 1.7667039216887072e-10
0.3410000000000002 1.8184940348121317e-10
0.3420000000000002 1.8646977396027247e-10
0.3430000000000002 1.9052942058253715e-10
0.3440000000000002 1.940305774509467e-10
0.3450000000000002 1.9697935738864648e-10
0.3460000000000002 1.9938532878057655e-10
0.3470000000000002 2.0126110944907245e-10
0.3480000000000002 2.0262197901018723e-10
0.3490000000000002 2.0348551084197744e-10
0.3500000000000002 2.038712245054856e-10
0.3510000000000002 2.0380025919342301e-10
0.3520000000000002 2.0329506854070983e-10
0.3530000000000002 2.0237913691425155e-10
0.3540000000000002 2.010767171064432e-10
0.3550000000000002 1.9941258918657597e-10
0.3560000000000002 1.9741184011577263e-10
0.3570000000000002 1.9509966360330423e-10
0.3580000000000002 1.925011795735235e-10
0.3590000000000002 1.8964127252243638e-10
0.3600000000000002 1.8654444796930143e-10
0.3610000000000002 1.8323470615071643e-10
0.3620000000000002 1.797354320607702e-10
0.3630000000000002 1.760693009098645e-10
0.3640000000000002 1.7225819805553615e-10
0.3650000000000002 1.6832315244955716e-10
0.3660000000000002 1.6428428264588237e-10
0.3670000000000002 1.6016075442231332e-10
0.3680000000000002 1.559707490840831e-10
0.3690000000000002 1.5173144153891013e-10
0.3700000000000002 1.4745898725955138e-10
0.3710000000000002 1.4316851728055883e-10
0.3720000000000002 1.3887414041005607e-10
0.3730000000000002 1.3458895187427135e-10
0.3740000000000002 1.3032504765139664e-10
0.3750000000000002 1.2609354379178556e-10
0.3760000000000002 1.2190460006282474e-10
0.3770000000000002 1.1776744729857178e-10
0.3780000000000002 1.1369041787611344e-10
0.3790000000000002 1.0968097878211457e-10
0.3800000000000002 1.0574576677392539e-10
0.3810000000000002 1.0189062517959112e-10
0.38200000000000023 9.812064191999805e-11
0.38300000000000023 9.4440188373918e-11
0.38400000000000023 9.085295874283818e-11
0.38500000000000023 8.736200960693526e-11
0.38600000000000023 8.396979939640973e-11
0.38700000000000023 8.067822753348395e-11
0.38800000000000023 7.748867302969072e-11
0.38900000000000023 7.44020323505878e-11
0.39000000000000024 7.141875638577224e-11
0.39100000000000024 6.853888638598534e-11
0.39200000000000024 6.576208875128738e-11
0.39300000000000024 6.308768857473218e-11
0.39400000000000024 6.051470186475696e-11
0.39500000000000024 5.8041866386673673e-11
0.39600000000000024 5.566767107925958e-11
0.39700000000000024 5.339038401658855e-11
0.39800000000000024 5.120807889795071e-11
0.39900000000000024 4.9118660060091624e-11
0.40000000000000024 4.7119886016117433e-11
0.40100000000000025 4.520939153433387e-11
0.40200000000000025 4.3384708278106995e-11
0.40300000000000025 4.164328403460143e-11
0.40400000000000025 3.998250056607963e-11
0.40500000000000025 3.8399690122352976e-11
0.40600000000000025 3.689215065709971e-11
0.40700000000000025 3.5457159794106585e-11
0.40800000000000025 3.409198759216166e-11
0.40900000000000025 3.279390815937772e-11
0.41000000000000025 3.156021016919682e-11
0.41100000000000025 3.038820633130994e-11
0.41200000000000025 2.9275241871239813e-11
0.41300000000000026 2.821870207245045e-11
0.41400000000000026 2.7216018934614613e-11
0.41500000000000026 2.626467700110189e-11
0.41600000000000026 2.5362218407935407e-11
0.41700000000000026 2.4506247205396587e-11
0.41800000000000026 2.3694433002197897e-11
0.41900000000000026 2.292451398070919e-11
0.42000000000000026 2.2194299330161687e-11
0.42100000000000026 2.1501671143060498e-11
0.42200000000000026 2.0844585818278146e-11
0.42300000000000026 2.0221075012456935e-11
0.42400000000000027 1.9629246179468843e-11
0.42500000000000027 1.906728273576956e-11
0.42600000000000027 1.8533443887557113e-11
0.42700000000000027 1.8026064153722215e-11
0.42800000000000027 1.7543552616663302e-11
0.42900000000000027 1.7084391931153738e-11
0.43000000000000027 1.6647137119589395e-11
0.43100000000000027 1.6230414180131947e-11
0.4320000000000003 1.583291853249183e-11
0.4330000000000003 1.5453413324380287e-11
0.4340000000000003 1.509072762000137e-11
0.4350000000000003 1.4743754490352894e-11
0.4360000000000003 1.4411449023574807e-11
0.4370000000000003 1.4092826272109605e-11
0.4380000000000003 1.3786959152039912e-11
0.4390000000000003 1.3492976308629002e-11
0.4400000000000003 1.321005996082734e-11
0.4410000000000003 1.2937443736304142e-11
0.4420000000000003 1.2674410507431006e-11
0.4430000000000003 1.2420290237580106e-11
0.4440000000000003 1.2174457846092678e-11
0.4450000000000003 1.1936331099338701e-11
0.4460000000000003 1.170536853440814e-11
0.4470000000000003 1.1481067421157483e-11
0.4480000000000003 1.1262961767574561e-11
0.4490000000000003 1.1050620372719332e-11
0.4500000000000003 1.0843644930845323e-11
0.4510000000000003 1.0641668189707972e-11
0.4520000000000003 1.044435216550959e-11
0.4530000000000003 1.025138641642728e-11
0.4540000000000003 1.00624863762054e-11
0.4550000000000003 9.877391748873694e-12
0.4560000000000003 9.695864965269449e-12
0.4570000000000003 9.517689701697432e-12
0.4580000000000003 9.342669460749446e-12
0.4590000000000003 9.170626214028085e-12
0.4600000000000003 9.00139910627155e-12
0.4610000000000003 8.83484322015591e-12
0.4620000000000003 8.670828400858653e-12
0.4630000000000003 8.5092381392994e-12
0.4640000000000003 8.349968512826628e-12
0.4650000000000003 8.192927181994673e-12
0.4660000000000003 8.0380324419709e-12
0.4670000000000003 7.885212327022855e-12
0.4680000000000003 7.734403766465742e-12
0.4690000000000003 7.585551790392975e-12
0.4700000000000003 7.438608783469474e-12
0.4710000000000003 7.293533785036528e-12
0.4720000000000003 7.15029183375821e-12
0.4730000000000003 7.0088533550279235e-12
0.4740000000000003 6.8691935893553255e-12
0.4750000000000003 6.731292059958822e-12
0.4760000000000003 6.595132077805444e-12
0.4770000000000003 6.460700282359343e-12
0.4780000000000003 6.327986216326944e-12
0.4790000000000003 6.196981932718408e-12
0.4800000000000003 6.0676816325792225e-12
0.4810000000000003 5.940081331785823e-12
0.4820000000000003 5.814178555340422e-12
0.4830000000000003 5.689972057644044e-12
0.4840000000000003 5.56746156727436e-12
0.4850000000000003 5.4466475548413805e-12
0.4860000000000003 5.327531022544114e-12
0.4870000000000003 5.210113314100997e-12
0.4880000000000003 5.094395943777066e-12
0.4890000000000003 4.980380443281857e-12
0.4900000000000003 4.868068225362824e-12
0.4910000000000003 4.7574604629687655e-12
0.4920000000000003 4.648557982909019e-12
0.4930000000000003 4.541361172982119e-12
0.4940000000000003 4.4358699015976066e-12
0.49500000000000033 4.332083448961327e-12
0.49600000000000033 4.230000448942008e-12
0.49700000000000033 4.1296188407820455e-12
0.49800000000000033 4.030935829860116e-12
0.49900000000000033 3.933947856756106e-12
