0.1 -1.4037679406554455e-15
0.101 -9.873877575179617e-14
0.10200000000000001 -3.048389744551248e-13
0.10300000000000001 -5.477018413443125e-13
0.10400000000000001 -6.784987017820507e-13
0.10500000000000001 -6.021859547785123e-13
0.10600000000000001 -3.727472931485889e-13
0.10700000000000001 -1.4151381871751739e-13
0.10800000000000001 -1.8947009521631727e-14
0.10900000000000001 -2.5512671209531413e-16
0.11000000000000001 -1.3792664260154687e-14
0.11100000000000002 -1.186007849578729e-14
0.11200000000000002 -1.595185661445804e-15
0.11300000000000002 -6.013193373379668e-15
0.11400000000000002 -2.3064136358811507e-14
0.11500000000000002 -3.389863354181639e-14
0.11600000000000002 -4.2189683440901575e-14
0.11700000000000002 -9.007186111254502e-14
0.11800000000000002 -2.237737204746378e-13
0.11900000000000002 -4.3552652288464414e-13
0.12000000000000002 -6.355368824631058e-13
0.12100000000000002 -6.894003358017124e-13
0.12200000000000003 -5.103377531200079e-13
0.12300000000000003 -1.5465399005661454e-13
0.12400000000000003 1.4214206279985875e-13
0.12500000000000003 2.5296331922010618e-14
0.12600000000000003 -8.362790643293408e-13
0.12700000000000003 -2.585023887981399e-12
0.12800000000000003 -5.067480101723533e-12
0.12900000000000003 -7.842403376411942e-12
0.13000000000000003 -1.0308905958155664e-11
0.13100000000000003 -1.1903177188875407e-11
0.13200000000000003 -1.2281990663337632e-11
0.13300000000000003 -1.1420579791676475e-11
0.13400000000000004 -9.593920375200208e-12
0.13500000000000004 -7.261121220325565e-12
0.13600000000000004 -4.908160530695126e-12
0.13700000000000004 -2.911221953739073e-12
0.13800000000000004 -1.4634600379296837e-12
0.13900000000000004 -5.756411545449379e-13
0.14000000000000004 -1.3195685603915944e-13
0.14100000000000004 3.260229708079198e-14
0.14200000000000004 6.530232697778054e-14
0.14300000000000004 5.809070034236607e-14
0.14400000000000004 4.2149234818595125e-14
0.14500000000000005 5.150761318666504e-15
0.14600000000000005 -8.2993328206111e-14
0.14700000000000005 -2.480602552191067e-13
0.14800000000000005 -4.994427042284045e-13
0.14900000000000005 -8.282862089428668e-13
0.15000000000000005 -1.2121138357518604e-12
0.15100000000000005 -1.621236406715125e-12
0.15200000000000005 -2.023574327517039e-12
0.15300000000000005 -2.3868037950066787e-12
0.15400000000000005 -2.678697261241964e-12
0.15500000000000005 -2.867411375094388e-12
0.15600000000000006 -2.9232047037646018e-12
0.15700000000000006 -2.822054944945579e-12
0.15800000000000006 -2.550494407012096e-12
0.15900000000000006 -2.110206141634846e-12
0.16000000000000006 -1.5207779865218512e-12
0.16100000000000006 -8.19470775454433e-13
0.16200000000000006 -5.768693190573538e-14
0.16300000000000006 7.052868560525278e-13
0.16400000000000006 1.4100193272058127e-12
0.16500000000000006 2.0046219262264737e-12
0.16600000000000006 2.4509611151526165e-12
0.16700000000000007 2.7284006145726197e-12
0.16800000000000007 2.83466883531623e-12
0.16900000000000007 2.7840374954820377e-12
0.17000000000000007 2.6034586168489605e-12
0.17100000000000007 2.3275651809044633e-12
0.17200000000000007 1.993482315452199e-12
0.17300000000000007 1.6362564428523579e-12
0.17400000000000007 1.2854540959725005e-12
0.17500000000000007 9.631832125036314e-13
0.17600000000000007 6.835119904801715e-13
0.17700000000000007 4.5304870770040823e-13
0.17800000000000007 2.7232191354549343e-13
0.17900000000000008 1.3756440133097969e-13
0.18000000000000008 4.254090033944166e-14
0.18100000000000008 -1.985571200143386e-14
0.18200000000000008 -5.6407927973928725e-14
0.18300000000000008 -7.283917237939488e-14
0.18400000000000008 -7.351562189258376e-14
0.18500000000000008 -6.149761863506494e-14
0.18600000000000008 -3.882282550671574e-14
0.18700000000000008 -6.898799055441347e-15
0.18800000000000008 3.310149132041253e-14
0.18900000000000008 7.991933294913394e-14
0.19000000000000009 1.3201009292920304e-13
0.1910000000000001 1.8747647585890389e-13
0.1920000000000001 2.441226973545385e-13
0.1930000000000001 2.9959948185680525e-13
0.1940000000000001 3.5160096116277584e-13
0.1950000000000001 3.9807357134317333e-13
0.1960000000000001 4.3740214530422644e-13
0.1970000000000001 4.685474075884312e-13
0.1980000000000001 4.91119843487222e-13
0.1990000000000001 5.053855880767347e-13
0.2000000000000001 5.122091861830088e-13
0.2010000000000001 5.129449632132129e-13
0.2020000000000001 5.092929693599469e-13
0.2030000000000001 5.031370785547719e-13
0.2040000000000001 4.963821993548477e-13
0.2050000000000001 4.908052261516653e-13
0.2060000000000001 4.879309329755345e-13
0.2070000000000001 4.889400772803809e-13
0.2080000000000001 4.946130455952776e-13
0.2090000000000001 5.053088287680127e-13
0.2100000000000001 5.209762242553092e-13
0.2110000000000001 5.411920642360747e-13
0.2120000000000001 5.652199908394474e-13
0.2130000000000001 5.920827886638229e-13
0.2140000000000001 6.206414268783156e-13
0.2150000000000001 6.496746121909529e-13
0.2160000000000001 6.779536520673835e-13
0.2170000000000001 7.043086227702511e-13
0.2180000000000001 7.276830949568479e-13
0.2190000000000001 7.471758818385643e-13
0.2200000000000001 7.620693607586867e-13
0.2210000000000001 7.718448261341725e-13
0.22200000000000011 7.761860332621509e-13
0.22300000000000011 7.749725832173171e-13
0.22400000000000012 7.682650903184264e-13
0.22500000000000012 7.562841884925089e-13
0.22600000000000012 7.393854014960111e-13
0.22700000000000012 7.180317576928331e-13
0.22800000000000012 6.927658062289855e-13
0.22900000000000012 6.641824188782111e-13
0.23000000000000012 6.329034674883789e-13
0.23100000000000012 5.995551729307366e-13
0.23200000000000012 5.647486446943835e-13
0.23300000000000012 5.290638827401103e-13
0.23400000000000012 4.930373023433764e-13
0.23500000000000013 4.571526719337848e-13
0.23600000000000013 4.2183522373116994e-13
0.23700000000000013 3.8744860523903765e-13
0.23800000000000013 3.542942826486433e-13
0.23900000000000013 3.226129801475991e-13
0.24000000000000013 2.925877367241806e-13
0.24100000000000013 2.64348178943087e-13
0.24200000000000013 2.3797563921771695e-13
0.24300000000000013 2.13508789669625e-13
0.24400000000000013 1.9094950770882258e-13
0.24500000000000013 1.7026873763118673e-13
0.24600000000000014 1.5141216014319514e-13
0.24700000000000014 1.3430552678061552e-13
0.24800000000000014 1.188595572782237e-13
0.24900000000000014 1.0497433418624013e-13
0.2500000000000001 9.254315996764037e-14
0.2510000000000001 8.145586735135066e-14
0.2520000000000001 7.160159403064435e-14
0.2530000000000001 6.287104824726309e-14
0.2540000000000001 5.515830288188006e-14
0.2550000000000001 4.8362162943969384e-14
0.2560000000000001 4.238715541155475e-14
0.2570000000000001 3.7144191799481664e-14
0.2580000000000001 3.255095318906382e-14
0.2590000000000001 2.8532045238959837e-14
0.2600000000000001 2.50189673654129e-14
0.2610000000000001 2.1949936214530767e-14
0.2620000000000001 1.9269599071020503e-14
0.2630000000000001 1.692866821595702e-14
0.2640000000000001 1.4883502662919034e-14
0.2650000000000001 1.3095659318160349e-14
0.2660000000000001 1.1531431532905657e-14
0.2670000000000001 1.0161389313280161e-14
0.2680000000000001 8.959932163786346e-15
0.26900000000000013 7.904862677028396e-15
0.27000000000000013 6.976986540032206e-15
0.27100000000000013 6.159742586569987e-15
0.27200000000000013 5.438864856321672e-15
0.27300000000000013 4.8020772903270584e-15
0.27400000000000013 4.238820659672344e-15
0.27500000000000013 3.74001055142296e-15
0.27600000000000013 3.2978246839352704e-15
0.27700000000000014 2.905517456325104e-15
0.27800000000000014 2.5572594203301992e-15
0.27900000000000014 2.247999266690505e-15
0.28000000000000014 1.973345915678474e-15
0.28100000000000014 1.7294683693353257e-15
0.28200000000000014 1.5130111016281402e-15
0.28300000000000014 1.3210229157485647e-15
0.28400000000000014 1.1508973717704615e-15
0.28500000000000014 1.000323072221966e-15
0.28600000000000014 8.672422795397849e-16
0.28700000000000014 7.498165216368394e-16
0.28800000000000014 6.463980154374956e-16
0.28900000000000015 5.555059001563766e-16
0.29000000000000015 4.758064204240275e-16
0.29100000000000015 4.060963331218012e-16
0.29200000000000015 3.4528893072468163e-16
0.29300000000000015 2.924021783463287e-16
0.29400000000000015 2.465485522018436e-16
0.29500000000000015 2.069262447851387e-16
0.29600000000000015 1.7281146779184806e-16
0.29700000000000015 1.4355163888717553e-16
0.29800000000000015 1.1855928402337142e-16
0.29900000000000015 9.730652433493506e-17
0.30000000000000016 7.932004680863299e-17
0.30100000000000016 6.41764819897902e-17
0.30200000000000016 5.1498130906415425e-17
0.30300000000000016 4.0948998031358593e-17
0.30400000000000016 3.223109822382471e-17
0.30500000000000016 2.5081013861960263e-17
0.30600000000000016 1.9266684372020114e-17
0.30700000000000016 1.458441456532624e-17
0.30800000000000016 1.085609102134119e-17
0.30900000000000016 7.926597543091275e-18
0.31000000000000016 5.661421737018548e-18
0.31100000000000017 3.944445255989163e-18
0.31200000000000017 2.6759103680072564e-18
0.31300000000000017 1.7705554111316e-18
0.31400000000000017 1.1559114710233607e-18
0.31500000000000017 7.70752348122876e-19
0.31600000000000017 5.636896211415904e-19
0.31700000000000017 4.919043991558252e-19
0.31800000000000017 5.200072088132111e-19
0.3190000000000002 6.19017398205575e-19
0.3200000000000002 7.654534587162881e-19
0.3210000000000002 9.40525768831845e-19
0.3220000000000002 1.1294234436012424e-18
0.3230000000000002 1.320687221544644e-18
0.3240000000000002 1.5056606273263373e-18
0.3250000000000002 1.678012002636996e-18
0.3260000000000002 1.8333203887512334e-18
0.3270000000000002 1.9687186617741926e-18
0.3280000000000002 2.082587756117505e-18
0.3290000000000002 2.1742962545995494e-18
0.3300000000000002 2.2439800671956236e-18
0.3310000000000002 2.2923573583821093e-18
0.3320000000000002 2.3205743098538964e-18
0.3330000000000002 2.3300777168018004e-18
0.3340000000000002 2.322510808526573e-18
0.3350000000000002 2.2996290554547062e-18
0.3360000000000002 2.2632330728721105e-18
0.3370000000000002 2.2151160558702718e-18
0.3380000000000002 2.157023479641674e-18
0.3390000000000002 2.090623074387675e-18
0.3400000000000002 2.0174833351347883e-18
0.3410000000000002 1.9390590544320264e-18
0.3420000000000002 1.8566825711982878e-18
0.3430000000000002 1.7715596130715704e-18
0.3440000000000002 1.6847687737642849e-18
0.3450000000000002 1.5972638125166647e-18
0.3460000000000002 1.5098780911668954e-18
0.3470000000000002 1.4233305770313945e-18
0.3480000000000002 1.338232938104137e-18
0.3490000000000002 1.2550973423851563e-18
0.3500000000000002 1.1743446467341579e-18
0.3510000000000002 1.0963127237371663e-18
0.3520000000000002 1.0212647288270765e-18
0.3530000000000002 9.493971553788357e-19
0.3540000000000002 8.808475637001644e-19
0.3550000000000002 8.157019016598603e-19
0.3560000000000002 7.540013609643594e-19
0.3570000000000002 6.957487345542614e-19
0.3580000000000002 6.409142579132409e-19
0.3590000000000002 5.8944093086345675e-19
0.3600000000000002 5.412493271924584e-19
0.3610000000000002 4.962419076883559e-19
0.3620000000000002 4.543068582637118e-19
0.3630000000000002 4.1532147918467947e-19
0.3640000000000002 3.7915515430412157e-19
0.3650000000000002 3.4567193089480466e-19
0.3660000000000002 3.1473274142460505e-19
0.3670000000000002 2.8619729860757025e-19
0.3680000000000002 2.5992569447051636e-19
0.3690000000000002 2.357797331363136e-19
0.3700000000000002 2.1362402566006167e-19
0.3710000000000002 1.9332687366078968e-19
0.3720000000000002 1.747609667493939e-19
0.3730000000000002 1.5780391692856058e-19
0.3740000000000002 1.4233865128411428e-19
0.3750000000000002 1.2825368244118977e-19
0.3760000000000002 1.1544327445424845e-19
0.3770000000000002 1.0380752006129577e-19
0.3780000000000002 9.325234357713847e-20
0.3790000000000002 8.368944214012045e-20
0.3800000000000002 7.503617656911228e-20
0.3810000000000002 6.721542173659052e-20
0.38200000000000023 6.015538512072611e-20
0.38300000000000023 5.3789401063367424e-20
0.38400000000000023 4.8055707229013593e-20
0.38500000000000023 4.289720882816504e-20
0.38600000000000023 3.826123533201814e-20
0.38700000000000023 3.409929365863591e-20
0.38800000000000023 3.036682114756479e-20
0.38900000000000023 2.702294105422693e-20
0.39000000000000024 2.403022278109074e-20
0.39100000000000024 2.135444861347796e-20
0.39200000000000024 1.8964388338004577e-20
0.39300000000000024 1.6831582785335958e-20
0.39400000000000024 1.493013705077807e-20
0.39500000000000024 1.3236523901132188e-20
0.39600000000000024 1.1729397669468734e-20
0.39700000000000024 1.0389418766637363e-20
0.39800000000000024 9.199088795376922e-21
0.39900000000000024 8.142596136131503e-21
0.40000000000000024 7.205671779763564e-21
0.40100000000000025 6.3754551082285926e-21
0.40200000000000025 5.640369267223853e-21
0.40300000000000025 4.9900057323795015e-21
0.40400000000000025 4.415017640559309e-21
0.40500000000000025 3.907021438329233e-21
0.40600000000000025 3.458506388940674e-21
0.40700000000000025 3.0627514757490138e-21
0.40800000000000025 2.7137492425393175e-21
0.40900000000000025 2.4061361186176534e-21
0.41000000000000025 2.1351287877544736e-21
0.41100000000000025 1.8964661742899822e-21
0.41200000000000025 1.6863566361973859e-21
0.41300000000000026 1.5014299730291123e-21
0.41400000000000026 1.3386938759233014e-21
0.41500000000000026 1.1954944667778348e-21
0.41600000000000026 1.0694805939503638e-21
0.41700000000000026 9.585715721098666e-22
0.41800000000000026 8.60928073908713e-22
0.41900000000000026 7.749259007684374e-22
0.42000000000000026 6.991323791264828e-22
0.42100000000000026 6.322851468568528e-22
0.42200000000000026 5.732731121714251e-22
0.42300000000000026 5.21119384068188e-22
0.42400000000000027 4.74965989280718e-22
0.42500000000000027 4.340602056787545e-22
0.42600000000000027 3.977423561661047e-22
0.42700000000000027 3.6543492032639476e-22
0.42800000000000027 3.3663283339380497e-22
0.42900000000000027 3.108948535990582e-22
0.43000000000000027 2.8783588958845237e-22
0.43100000000000027 2.6712018946998526e-22
0.4320000000000003 2.484553021409744e-22
0.4330000000000003 2.315867299352803e-22
0.4340000000000003 2.162931993343012e-22
0.4350000000000003 2.0238248355460807e-22
0.4360000000000003 1.8968771729655465e-22
0.4370000000000003 1.7806414985132077e-22
0.4380000000000003 1.6738628815761078e-22
0.4390000000000003 1.575453863102444e-22
0.4400000000000003 1.4844724248748996e-22
0.4410000000000003 1.4001026831568103e-22
0.4420000000000003 1.3216379936139662e-22
0.4430000000000003 1.2484661876369665e-22
0.4440000000000003 1.1800566902033594e-22
0.4450000000000003 1.1159492964996511e-22
0.4460000000000003 1.055744408919234e-22
0.4470000000000003 9.990945580028452e-23
0.4480000000000003 9.456970506096698e-23
0.4490000000000003 8.952876063031462e-23
0.4500000000000003 8.476348587934454e-23
0.4510000000000003 8.02535613470667e-23
0.4520000000000003 7.598107647469545e-23
0.4530000000000003 7.193017882492048e-23
0.4540000000000003 6.808677329981227e-23
0.4550000000000003 6.443826476971947e-23
0.4560000000000003 6.097333832472064e-23
0.4570000000000003 5.768177206993401e-23
0.4580000000000003 5.455427801547526e-23
0.4590000000000003 5.158236716941623e-23
0.4600000000000003 4.8758235435311766e-23
0.4610000000000003 4.6074667351533816e-23
0.4620000000000003 4.352495509399648e-23
0.4630000000000003 4.1102830502443246e-23
0.4640000000000003 3.8802408188276855e-23
0.4650000000000003 3.6618138043526617e-23
0.4660000000000003 3.4544765699970226e-23
0.4670000000000003 3.257729968832539e-23
0.4680000000000003 3.071098422305888e-23
0.4690000000000003 2.894127669164498e-23
0.4700000000000003 2.726382906064643e-23
0.4710000000000003 2.5674472527125113e-23
0.4720000000000003 2.4169204844689383e-23
0.4730000000000003 2.2744179840794933e-23
0.4740000000000003 2.1395698717385405e-23
0.4750000000000003 2.0120202792038143e-23
0.4760000000000003 1.89142673927775e-23
0.4770000000000003 1.7774596667758914e-23
0.4780000000000003 1.6698019112141932e-23
0.4790000000000003 1.5681483649550317e-23
0.4800000000000003 1.4722056135339285e-23
0.4810000000000003 1.381691617417293e-23
0.4820000000000003 1.2963354165746187e-23
0.4830000000000003 1.2158768510415877e-23
0.4840000000000003 1.1400662921506124e-23
0.4850000000000003 1.0686643803524365e-23
0.4860000000000003 1.0014417665843072e-23
0.4870000000000003 9.381788549866945e-24
0.4880000000000003 8.78665545459976e-24
0.4890000000000003 8.227009751081426e-24
0.4900000000000003 7.70093258059564e-24
0.4910000000000003 7.206592235022555e-24
0.4920000000000003 6.742241520391772e-24
0.4930000000000003 6.306215106703944e-24
0.4940000000000003 5.896926868555267e-24
0.49500000000000033 5.512867222107979e-24
0.49600000000000033 5.15260046459412e-24
0.49700000000000033 4.814762122881954e-24
0.49800000000000033 4.498056317740398e-24
0.49900000000000033 4.20125315035482e-24
