0.1 -2.3804041027624066e-11
0.101 -8.441118708155286e-11
0.10200000000000001 -1.8558654747222788e-10
0.10300000000000001 -3.0084969803865955e-10
0.10400000000000001 -3.8698936723904427e-10
0.10500000000000001 -4.082770485107199e-10
0.10600000000000001 -3.5717576059152413e-10
0.10700000000000001 -2.5739663612410574e-10
0.10800000000000001 -1.4852331872058343e-10
0.10900000000000001 -6.40725071793033e-11
0.11000000000000001 -1.7330071809370114e-11
0.11100000000000002 -1.5118783396539721e-12
0.11200000000000002 -3.9488328969729035e-13
0.11300000000000002 -3.107148299201726e-13
0.11400000000000002 3.652683637276264e-12
0.11500000000000002 8.71013665443103e-12
0.11600000000000002 9.544639074824842e-12
0.11700000000000002 3.2650175884880462e-12
0.11800000000000002 -8.51299109314099e-12
0.11900000000000002 -2.072481449984953e-11
0.12000000000000002 -2.7711651376582404e-11
0.12100000000000002 -2.6119744218362712e-11
0.12200000000000003 -1.6507104476666675e-11
0.12300000000000003 -3.072468093165613e-12
0.12400000000000003 8.288076332255403e-12
0.12500000000000003 1.2736552569623089e-11
0.12600000000000003 8.859605221574008e-12
0.12700000000000003 -4.2297653738013894e-13
0.12800000000000003 -8.869692698741218e-12
0.12900000000000003 -9.464453212162934e-12
0.13000000000000003 2.5805233180364058e-12
0.13100000000000003 2.765389862726074e-11
0.13200000000000003 6.13182776371068e-11
0.13300000000000003 9.577128873412545e-11
0.13400000000000004 1.2254859305558725e-10
0.13500000000000004 1.3536061082029665e-10
0.13600000000000004 1.3198927214839374e-10
0.13700000000000004 1.146340766176842e-10
0.13800000000000004 8.874668177116736e-11
0.13900000000000004 6.094597738526028e-11
0.14000000000000004 3.6860295738757414e-11
0.14100000000000004 1.9649606178803762e-11
0.14200000000000004 9.61028958912524e-12
0.14300000000000004 4.829733552942255e-12
0.14400000000000004 2.507570934792162e-12
0.14500000000000005 4.0118648852985256e-13
0.14600000000000005 -2.097093323568679e-12
0.14700000000000005 -3.542650372928742e-12
0.14800000000000005 -7.166922254891756e-13
0.14900000000000005 1.0581588659124852e-11
0.15000000000000005 3.4528073971581075e-11
0.15100000000000005 7.435475992671864e-11
0.15200000000000005 1.317350226885644e-10
0.15300000000000005 2.0655943288699946e-10
0.15400000000000005 2.97064133491684e-10
0.15500000000000005 4.001908070313078e-10
0.15600000000000006 5.120303397820182e-10
0.15700000000000006 6.282258439885697e-10
0.15800000000000006 7.442653396771988e-10
0.15900000000000006 8.55655972568512e-10
0.16000000000000006 9.580194437107353e-10
0.16100000000000006 1.0471703259529722e-09
0.16200000000000006 1.1192333422025364e-09
0.16300000000000006 1.170829222947551e-09
0.16400000000000006 1.1993230736186672e-09
0.16500000000000006 1.2030966008029863e-09
0.16600000000000006 1.181785634517678e-09
0.16700000000000007 1.136421895648796e-09
0.16800000000000007 1.0694324257691322e-09
0.16900000000000007 9.844767928176901e-10
0.17000000000000007 8.861339280702844e-10
0.17100000000000007 7.7947964980975e-10
0.17200000000000007 6.696163687479623e-10
0.17300000000000007 5.61224461990222e-10
0.17400000000000007 4.581996104307526e-10
0.17500000000000007 3.6342397386031303e-10
0.17600000000000007 2.7869531786988074e-10
0.17700000000000007 2.0481192418127732e-10
0.17800000000000007 1.4178704299158805e-10
0.17900000000000008 8.914859761128348e-11
0.18000000000000008 4.6270195829409775e-11
0.18100000000000008 1.267896467135583e-11
0.18200000000000008 -1.170649866386418e-11
0.18300000000000008 -2.6440668089669434e-11
0.18400000000000008 -3.0533012880495444e-11
0.18500000000000008 -2.2543769322348344e-11
0.18600000000000008 -7.735518011028403e-13
0.18700000000000008 3.6485651647614686e-11
0.18800000000000008 9.06776983623868e-11
0.18900000000000008 1.6272874071486214e-10
0.19000000000000009 2.5284997631464404e-10
0.1910000000000001 3.604254525802804e-10
0.1920000000000001 4.840024026815266e-10
0.1930000000000001 6.213889470146082e-10
0.1940000000000001 7.69851550258187e-10
0.1950000000000001 9.263937369232026e-10
0.1960000000000001 1.0880892661974017e-09
0.1970000000000001 1.2524378815932908e-09
0.1980000000000001 1.417710106562394e-09
0.1990000000000001 1.5832492047011793e-09
0.2000000000000001 1.7497029081151432e-09
0.2010000000000001 1.919164168687244e-09
0.2020000000000001 2.095208211818516e-09
0.2030000000000001 2.2828217485245512e-09
0.2040000000000001 2.4882285574085097e-09
0.2050000000000001 2.7186231226351097e-09
0.2060000000000001 2.9818301005327075e-09
0.2070000000000001 3.2859117530466224e-09
0.2080000000000001 3.638747974829432e-09
0.2090000000000001 4.047614159765301e-09
0.2100000000000001 4.518781048831302e-09
0.2110000000000001 5.057158128502718e-09
0.2120000000000001 5.665998433984848e-09
0.2130000000000001 6.3466781186762605e-09
0.2140000000000001 7.098559250602578e-09
0.2150000000000001 7.91893933717178e-09
0.2160000000000001 8.803086368658557e-09
0.2170000000000001 9.744353959113155e-09
0.2180000000000001 1.0734367637438752e-08
0.2190000000000001 1.1763270621046546e-08
0.2200000000000001 1.2820015545735413e-08
0.2210000000000001 1.3892687626490787e-08
0.22200000000000011 1.4968844534433598e-08
0.22300000000000011 1.603585880670611e-08
0.22400000000000012 1.7081249743162375e-08
0.22500000000000012 1.8092993354726327e-08
0.22600000000000012 1.905980087524332e-08
0.22700000000000012 1.9971358496040112e-08
0.22800000000000012 2.0818523203921054e-08
0.22900000000000012 2.1593471787278463e-08
0.23000000000000012 2.2289802127590303e-08
0.23100000000000012 2.2902587741194328e-08
0.23200000000000012 2.3428388125457244e-08
0.23300000000000012 2.3865218760956532e-08
0.23400000000000012 2.4212485611688914e-08
0.23500000000000013 2.4470889649491373e-08
0.23600000000000013 2.4642307320809274e-08
0.23700000000000013 2.472965299838178e-08
0.23800000000000013 2.4736729349602127e-08
0.23900000000000013 2.4668071244509516e-08
0.24000000000000013 2.4528788359334537e-08
0.24100000000000013 2.4324411046362645e-08
0.24200000000000013 2.4060743376208453e-08
0.24300000000000013 2.374372655030301e-08
0.24400000000000013 2.33793151613995e-08
0.24500000000000013 2.297336807565648e-08
0.24600000000000014 2.253155504394182e-08
0.24700000000000014 2.2059279539962694e-08
0.24800000000000014 2.1561617781445524e-08
0.24900000000000014 2.10432734261187e-08
0.2500000000000001 2.0508547050832217e-08
0.2510000000000001 1.9961319220435935e-08
0.2520000000000001 1.940504573070312e-08
0.2530000000000001 1.8842763461868014e-08
0.2540000000000001 1.8277105199792503e-08
0.2550000000000001 1.771032176253208e-08
0.2560000000000001 1.714430980264585e-08
0.2570000000000001 1.6580643731042595e-08
0.2580000000000001 1.6020610317644803e-08
0.2590000000000001 1.5465244659127044e-08
0.2600000000000001 1.4915366356469338e-08
0.2610000000000001 1.4371614907823214e-08
0.2620000000000001 1.3834483488816067e-08
0.2630000000000001 1.3304350457440587e-08
0.2640000000000001 1.278150807954611e-08
0.2650000000000001 1.226618812004798e-08
0.2660000000000001 1.1758584081553167e-08
0.2670000000000001 1.1258869994243966e-08
0.2680000000000001 1.0767215767377372e-08
0.26900000000000013 1.0283799203100314e-08
0.27000000000000013 9.808814847473493e-09
0.27100000000000013 9.342479912095828e-09
0.27200000000000013 8.885037543386283e-09
0.27300000000000013 8.436757746510932e-09
0.27400000000000013 7.997936288471621e-09
0.27500000000000013 7.568891911443126e-09
0.27600000000000013 7.149962184564652e-09
0.27700000000000014 6.741498311590501e-09
0.27800000000000014 6.343859194566996e-09
0.27900000000000014 5.957405031447395e-09
0.28000000000000014 5.5824906996184415e-09
0.28100000000000014 5.219459148883201e-09
0.28200000000000014 4.86863499761994e-09
0.28300000000000014 4.5303184955466826e-09
0.28400000000000014 4.20477998657944e-09
0.28500000000000014 3.892254976340722e-09
0.28600000000000014 3.5929398814970915e-09
0.28700000000000014 3.3069885126931836e-09
0.28800000000000014 3.03450931970801e-09
0.28900000000000015 2.775563406787208e-09
0.29000000000000015 2.5301633080169403e-09
0.29100000000000015 2.2982724971306855e-09
0.29200000000000015 2.0798055932475174e-09
0.29300000000000015 1.8746292136476917e-09
0.29400000000000015 1.6825634166582846e-09
0.29500000000000015 1.503383671898682e-09
0.29600000000000015 1.3368232913219956e-09
0.29700000000000015 1.1825762524909627e-09
0.29800000000000015 1.0403003451301773e-09
0.29900000000000015 9.096205729849987e-10
0.30000000000000016 7.901327451839418e-10
0.30100000000000016 6.81407194437887e-10
0.30200000000000016 5.829925633240138e-10
0.30300000000000016 4.944196044129187e-10
0.30400000000000016 4.152049449378965e-10
0.30500000000000016 3.448547719259444e-10
0.30600000000000016 2.828683990742435e-10
0.30700000000000016 2.2874168205012108e-10
0.30800000000000016 1.8197025421291688e-10
0.30900000000000016 1.4205255991915343e-10
0.31000000000000016 1.0849266750872396e-10
0.31100000000000017 8.080284872346987e-11
0.31200000000000017 5.850591563813126e-11
0.31300000000000017 4.11373101573652e-11
0.31400000000000017 2.8246944731273728e-11
0.31500000000000017 1.9400796155241706e-11
0.31600000000000017 1.4182257145669027e-11
0.31700000000000017 1.2193252827043092e-11
0.31800000000000017 1.3055131336277465e-11
0.3190000000000002 1.6409339465577927e-11
0.3200000000000002 2.191789564184441e-11
0.3210000000000002 2.926367360202596e-11
0.3220000000000002 3.815051089422567e-11
0.3230000000000002 4.830315683784803e-11
0.3240000000000002 5.946707484023856e-11
0.3250000000000002 7.140811401691942e-11
0.3260000000000002 8.391206492495655e-11
0.3270000000000002 9.678411391806467e-11
0.3280000000000002 1.0984821019324883e-10
0.3290000000000002 1.229463590440694e-10
0.3300000000000002 1.3593785418754318e-10
0.3310000000000002 1.4869846130926176e-10
0.3320000000000002 1.6111956419365116e-10
0.3330000000000002 1.7310728398997984e-10
0.3340000000000002 1.8458158132414742e-10
0.3350000000000002 1.9547535011565817e-10
0.3360000000000002 2.0573351110945268e-10
0.3370000000000002 2.15312112293796e-10
0.3380000000000002 2.2417744255696382e-10
0.3390000000000002 2.3230516414385761e-10
0.3400000000000002 2.3967946871508955e-10
0.3410000000000002 2.4629226109025085e-10
0.3420000000000002 2.52142374077202e-10
0.3430000000000002 2.5723481715333874e-10
0.3440000000000002 2.6158006117438006e-10
0.3450000000000002 2.6519336074224593e-10
0.3460000000000002 2.680941153662691e-10
0.3470000000000002 2.7030527010092094e-10
0.3480000000000002 2.718527559378475e-10
0.3490000000000002 2.727649698684544e-10
0.3500000000000002 2.7307229421453075e-10
0.3510000000000002 2.728066545460872e-10
0.3520000000000002 2.720011152659726e-10
0.3530000000000002 2.7068951173708623e-10
0.3540000000000002 2.689061176584736e-10
0.3550000000000002 2.6668534625813285e-10
0.3560000000000002 2.640614837607953e-10
0.3570000000000002 2.6106845350601214e-10
0.3580000000000002 2.5773960903253566e-10
0.3590000000000002 2.541075544076092e-10
0.3600000000000002 2.5020399006136244e-10
0.3610000000000002 2.460595823854299e-10
0.3620000000000002 2.417038553686657e-10
0.3630000000000002 2.371651025696131e-10
0.3640000000000002 2.324703177634738e-10
0.3650000000000002 2.2764514264859954e-10
0.3660000000000002 2.2271383005286253e-10
0.3670000000000002 2.1769922114183345e-10
0.3680000000000002 2.126227351973342e-10
0.3690000000000002 2.0750437060533138e-10
0.3700000000000002 2.0236271576532282e-10
0.3710000000000002 1.972149687081906e-10
0.3720000000000002 1.920769642851872e-10
0.3730000000000002 1.8696320786660002e-10
0.3740000000000002 1.818869145637332e-10
0.3750000000000002 1.7686005306197958e-10
0.3760000000000002 1.718933932251503e-10
0.3770000000000002 1.6699655670152368e-10
0.3780000000000002 1.621780698300351e-10
0.3790000000000002 1.574454182102821e-10
0.3800000000000002 1.5280510236238492e-10
0.3810000000000002 1.48262693962025e-10
0.38200000000000023 1.4382289219216128e-10
0.38300000000000023 1.3948957980579158e-10
0.38400000000000023 1.3526587854381451e-10
0.38500000000000023 1.3115420359836817e-10
0.38600000000000023 1.271563168551935e-10
0.38700000000000023 1.2327337868850906e-10
0.38800000000000023 1.1950599811873553e-10
0.38900000000000023 1.1585428117721944e-10
0.39000000000000024 1.1231787735304385e-10
0.39100000000000024 1.0889602402511275e-10
0.39200000000000024 1.0558758880816458e-10
0.39300000000000024 1.0239110976427763e-10
0.39400000000000024 9.93048334519425e-11
0.39500000000000024 9.632675080303538e-11
0.39600000000000024 9.3454630834139e-11
0.39700000000000024 9.068605221282904e-11
0.39800000000000024 8.801843271181266e-11
0.39900000000000024 8.544905659441423e-11
0.40000000000000024 8.297509998389796e-11
0.40100000000000025 8.059365427668065e-11
0.40200000000000025 7.830174766570918e-11
0.40300000000000025 7.609636484528714e-11
0.40400000000000025 7.39744649725644e-11
0.40500000000000025 7.193299796379719e-11
0.40600000000000025 6.996891920554698e-11
0.40700000000000025 6.807920276219605e-11
0.40800000000000025 6.626085316168713e-11
0.40900000000000025 6.451091584130393e-11
0.41000000000000025 6.282648633464232e-11
0.41100000000000025 6.12047182798198e-11
0.41200000000000025 5.964283032741946e-11
0.41300000000000026 5.813811202479277e-11
0.41400000000000026 5.668792875117941e-11
0.41500000000000026 5.528972577566873e-11
0.41600000000000026 5.394103150743792e-11
0.41700000000000026 5.2639460004929276e-11
0.41800000000000026 5.1382712807757717e-11
0.41900000000000026 5.0168580152173936e-11
0.42000000000000026 4.899494162791589e-11
0.42100000000000026 4.785976633122703e-11
0.42200000000000026 4.676111256580954e-11
0.42300000000000026 4.569712714045211e-11
0.42400000000000027 4.466604430910473e-11
0.42500000000000027 4.366618439625274e-11
0.42600000000000027 4.269595214758648e-11
0.42700000000000027 4.1753834843190494e-11
0.42800000000000027 4.083840020778126e-11
0.42900000000000027 3.994829414993698e-11
0.43000000000000027 3.908223835975895e-11
0.43100000000000027 3.823902779202187e-11
0.4320000000000003 3.7417528059581373e-11
0.4330000000000003 3.661667275963801e-11
0.4340000000000003 3.5835460753394466e-11
0.4350000000000003 3.507295341768463e-11
0.4360000000000003 3.432827188532119e-11
0.4370000000000003 3.360059428916399e-11
0.4380000000000003 3.2889153023294115e-11
0.4390000000000003 3.2193232033146664e-11
0.4400000000000003 3.151216414504484e-11
0.4410000000000003 3.0845328444247196e-11
0.4420000000000003 3.019214770939504e-11
0.4430000000000003 2.9552085910116376e-11
0.4440000000000003 2.892464577348672e-11
0.4450000000000003 2.8309366424090514e-11
0.4460000000000003 2.770582110153943e-11
0.4470000000000003 2.711361495849742e-11
0.4480000000000003 2.6532382941527352e-11
0.4490000000000003 2.5961787756406572e-11
0.4500000000000003 2.5401517918953853e-11
0.4510000000000003 2.4851285891872265e-11
0.4520000000000003 2.431082630762107e-11
0.4530000000000003 2.3779894276900818e-11
0.4540000000000003 2.3258263781950417e-11
0.4550000000000003 2.27457261535183e-11
0.4560000000000003 2.224208863007479e-11
0.4570000000000003 2.1747172997577526e-11
0.4580000000000003 2.1260814307883242e-11
0.4590000000000003 2.0782859673713458e-11
0.4600000000000003 2.0313167137928805e-11
0.4610000000000003 1.985160461473922e-11
0.4620000000000003 1.939804890037665e-11
0.4630000000000003 1.8952384750682626e-11
0.4640000000000003 1.8514504023004004e-11
0.4650000000000003 1.8084304879755082e-11
0.4660000000000003 1.7661691050986942e-11
0.4670000000000003 1.7246571153296562e-11
0.4680000000000003 1.683885806242219e-11
0.4690000000000003 1.643846833689078e-11
0.4700000000000003 1.6045321690117508e-11
0.4710000000000003 1.5659340508397255e-11
0.4720000000000003 1.528044941228094e-11
0.4730000000000003 1.490857485888239e-11
0.4740000000000003 1.4543644782729181e-11
0.4750000000000003 1.4185588272833142e-11
0.4760000000000003 1.3834335283732864e-11
0.4770000000000003 1.3489816378331872e-11
0.4780000000000003 1.3151962500435433e-11
0.4790000000000003 1.2820704774967879e-11
0.4800000000000003 1.2495974333931575e-11
0.4810000000000003 1.2177702166251705e-11
0.4820000000000003 1.1865818989731382e-11
0.4830000000000003 1.1560255143421919e-11
0.4840000000000003 1.126094049879586e-11
0.4850000000000003 1.0967804388187489e-11
0.4860000000000003 1.068077554904596e-11
0.4870000000000003 1.0399782082622124e-11
0.4880000000000003 1.0124751425785686e-11
0.4890000000000003 9.855610334742698e-12
0.4900000000000003 9.592284879495448e-12
0.4910000000000003 9.33470044795451e-12
0.4920000000000003 9.0827817586824e-12
0.4930000000000003 8.836452881309883e-12
0.4940000000000003 8.595637263731421e-12
0.49500000000000033 8.360257765243843e-12
0.49600000000000033 8.1302366948513e-12
0.49700000000000033 7.905495854014202e-12
0.49800000000000033 7.685956583172301e-12
0.49900000000000033 7.471539811422584e-12
