0.1 5.10970693072418e-11
0.101 8.376062886752163e-11
0.10200000000000001 9.34016814798784e-11
0.10300000000000001 6.299243989511145e-11
0.10400000000000001 -3.23592124860748e-12
0.10500000000000001 -8.003663305781631e-11
0.10600000000000001 -1.357592111687757e-10
0.10700000000000001 -1.5064655020809926e-10
0.10800000000000001 -1.2624528878633565e-10
0.10900000000000001 -8.103188346416011e-11
0.11000000000000001 -3.738133983443406e-11
0.11100000000000002 -9.543433708297256e-12
0.11200000000000002 6.798859029469017e-13
0.11300000000000002 3.586062135078282e-13
0.11400000000000002 -1.562374781046022e-12
0.11500000000000002 2.4504505098696993e-13
0.11600000000000002 5.8787771836966055e-12
0.11700000000000002 1.1947785494316075e-11
0.11800000000000002 1.466356521126608e-11
0.11900000000000002 1.2356214848257934e-11
0.12000000000000002 6.3622297322333535e-12
0.12100000000000002 1.7137601821182962e-13
0.12200000000000003 -2.5818542948953663e-12
0.12300000000000003 -2.9591366761544454e-13
0.12400000000000003 5.294263408910033e-12
0.12500000000000003 9.382739953912483e-12
0.12600000000000003 5.9344242932751344e-12
0.12700000000000003 -9.641196720782142e-12
0.12800000000000003 -3.8170611201921476e-11
0.12900000000000003 -7.582064969191322e-11
0.13000000000000003 -1.150642272668064e-10
0.13100000000000003 -1.4711439211693028e-10
0.13200000000000003 -1.6481273926108147e-10
0.13300000000000003 -1.648253480347326e-10
0.13400000000000004 -1.4837284122013802e-10
0.13500000000000004 -1.2038061349588207e-10
0.13600000000000004 -8.755903376162877e-11
0.13700000000000004 -5.625257469657412e-11
0.13800000000000004 -3.0841318751664126e-11
0.13900000000000004 -1.312646353655804e-11
0.14000000000000004 -2.6786553586388424e-12
0.14100000000000004 2.2264102254973946e-12
0.14200000000000004 3.596232011549061e-12
0.14300000000000004 3.052297277642966e-12
0.14400000000000004 1.6841572807439725e-12
0.14500000000000005 3.461313890663908e-13
0.14600000000000005 1.375521598928682e-13
0.14700000000000005 2.765511979006874e-12
0.14800000000000005 1.0575434132431178e-11
0.14900000000000005 2.6195385669001377e-11
0.15000000000000005 5.190370423422883e-11
0.15100000000000005 8.893647086222537e-11
0.15200000000000005 1.3697164947555186e-10
0.15300000000000005 1.9396450735571296e-10
0.15400000000000005 2.563947588003219e-10
0.15500000000000005 3.198619998269672e-10
0.15600000000000006 3.798711690373373e-10
0.15700000000000006 4.32608162648604e-10
0.15800000000000006 4.755225073172512e-10
0.15900000000000006 5.075972151393031e-10
0.16000000000000006 5.292729240882957e-10
0.16100000000000006 5.420787367190796e-10
0.16200000000000006 5.480847750454453e-10
0.16300000000000006 5.493192935331972e-10
0.16400000000000006 5.472845075743762e-10
0.16500000000000006 5.426672869824824e-10
0.16600000000000006 5.352863403656218e-10
0.16700000000000007 5.242609524529267e-10
0.16800000000000007 5.08340326825025e-10
0.16900000000000007 4.863054179063836e-10
0.17000000000000007 4.5734978167307327e-10
0.17100000000000007 4.213604184453453e-10
0.17200000000000007 3.790481186410242e-10
0.17300000000000007 3.319118565734914e-10
0.17400000000000007 2.8205564247847917e-10
0.17500000000000007 2.3190268737414064e-10
0.17600000000000007 1.838668499230916e-10
0.17700000000000007 1.4004386699589217e-10
0.17800000000000007 1.0197599650524553e-10
0.17900000000000008 7.052641028438008e-11
0.18000000000000008 4.587795008146469e-11
0.18100000000000008 2.7648847796159226e-11
0.18200000000000008 1.5099315627660933e-11
0.18300000000000008 7.390105399092551e-12
0.18400000000000008 3.848524340678144e-12
0.18500000000000008 4.199017844034456e-12
0.18600000000000008 8.723257457653962e-12
0.18700000000000008 1.832691921314184e-11
0.18800000000000008 3.450483234377644e-11
0.18900000000000008 5.921072388972968e-11
0.19000000000000009 9.465045591734015e-11
0.1910000000000001 1.430270088670752e-10
0.1920000000000001 2.0627066285148893e-10
0.1930000000000001 2.857886375076155e-10
0.1940000000000001 3.8226519002759644e-10
0.1950000000000001 4.955365924425146e-10
0.1960000000000001 6.245565482398846e-10
0.1970000000000001 7.67457625981487e-10
0.1980000000000001 9.217043257609467e-10
0.1990000000000001 1.0843244573742837e-09
0.2000000000000001 1.2521983792497192e-09
0.2010000000000001 1.4223808376189168e-09
0.2020000000000001 1.5924278880895358e-09
0.2030000000000001 1.7607016454528412e-09
0.2040000000000001 1.9266281381947358e-09
0.2050000000000001 2.090887919822578e-09
0.2060000000000001 2.255524781239716e-09
0.2070000000000001 2.423964342721178e-09
0.2080000000000001 2.6009409154709987e-09
0.2090000000000001 2.7923373004023926e-09
0.2100000000000001 3.0049477121752947e-09
0.2110000000000001 3.2461784640328932e-09
0.2120000000000001 3.523704224363608e-09
0.2130000000000001 3.845099474306997e-09
0.2140000000000001 4.217465276212571e-09
0.2150000000000001 4.6470707118601855e-09
0.2160000000000001 5.1390265409012316e-09
0.2170000000000001 5.697005983407449e-09
0.2180000000000001 6.323024289593973e-09
0.2190000000000001 7.01728517349977e-09
0.2200000000000001 7.778098492995172e-09
0.2210000000000001 8.601869968680503e-09
0.22200000000000011 9.483160428059951e-09
0.22300000000000011 1.041480917846213e-08
0.22400000000000012 1.1388113750609708e-08
0.22500000000000012 1.2393056471773067e-08
0.22600000000000012 1.3418567142404835e-08
0.22700000000000012 1.4452810489254478e-08
0.22800000000000012 1.5483487010009938e-08
0.22900000000000012 1.6498136247375026e-08
0.23000000000000012 1.7484432357349643e-08
0.23100000000000012 1.8430462982260052e-08
0.23200000000000012 1.9324983815602632e-08
0.23300000000000012 2.0157642766909294e-08
0.23400000000000012 2.0919169219963906e-08
0.23500000000000013 2.1601525454958295e-08
0.23600000000000013 2.2198018813087546e-08
0.23700000000000013 2.270337457101357e-08
0.23800000000000013 2.3113770724900382e-08
0.23900000000000013 2.342683693349981e-08
0.24000000000000013 2.36416207222457e-08
0.24100000000000013 2.375852470062434e-08
0.24200000000000013 2.377921899682056e-08
0.24300000000000013 2.370653337751703e-08
0.24400000000000013 2.3544333612816786e-08
0.24500000000000013 2.329738658663856e-08
0.24600000000000014 2.2971218464207732e-08
0.24700000000000014 2.2571969934218e-08
0.24800000000000014 2.2106252167846087e-08
0.24900000000000014 2.1581006703258493e-08
0.2500000000000001 2.1003371994185144e-08
0.2510000000000001 2.0380558874196192e-08
0.2520000000000001 1.9719736701711874e-08
0.2530000000000001 1.9027931479025062e-08
0.2540000000000001 1.831193679366039e-08
0.2550000000000001 1.757823802135078e-08
0.2560000000000001 1.6832949863511222e-08
0.2570000000000001 1.6081766972585153e-08
0.2580000000000001 1.5329927148285034e-08
0.2590000000000001 1.4582186366914237e-08
0.2600000000000001 1.3842804733501456e-08
0.2610000000000001 1.3115542320018088e-08
0.2620000000000001 1.2403663769127763e-08
0.2630000000000001 1.170995049768674e-08
0.2640000000000001 1.1036719323066614e-08
0.2650000000000001 1.0385846353557652e-08
0.2660000000000001 9.758795026805597e-09
0.2670000000000001 9.156647242719262e-09
0.2680000000000001 8.580136615039581e-09
0.26900000000000013 8.02968295457495e-09
0.27000000000000013 7.505427193153582e-09
0.27100000000000013 7.0072660571984705e-09
0.27200000000000013 6.534885900538686e-09
0.27300000000000013 6.087795205102398e-09
0.27400000000000013 5.6653553534259965e-09
0.27500000000000013 5.26680936681455e-09
0.27600000000000013 4.891308386244127e-09
0.27700000000000014 4.5379357488295684e-09
0.27800000000000014 4.205728580325628e-09
0.27900000000000014 3.893696883409541e-09
0.28000000000000014 3.600840152385936e-09
0.28100000000000014 3.326161587620735e-09
0.28200000000000014 3.0686800177994348e-09
0.28300000000000014 2.827439665473802e-09
0.28400000000000014 2.601517911878296e-09
0.28500000000000014 2.3900312312858723e-09
0.28600000000000014 2.192139473903109e-09
0.28700000000000014 2.0070486801586912e-09
0.28800000000000014 1.834012608899391e-09
0.28900000000000015 1.6723331581363329e-09
0.29000000000000015 1.521359850217482e-09
0.29100000000000015 1.3804885442306305e-09
0.29200000000000015 1.2491595276119205e-09
0.29300000000000015 1.1268551268470183e-09
0.29400000000000015 1.01309696424015e-09
0.29500000000000015 9.074429743871295e-10
0.29600000000000015 8.094842805460199e-10
0.29700000000000015 7.188420178414288e-10
0.29800000000000015 6.35164177394542e-10
0.29900000000000015 5.581225332258305e-10
0.30000000000000016 4.874097022763613e-10
0.30100000000000016 4.2273637724006436e-10
0.30200000000000016 3.638287621648414e-10
0.30300000000000016 3.1042623200606094e-10
0.30400000000000016 2.622792295172073e-10
0.30500000000000016 2.191474060336059e-10
0.30600000000000016 1.8079800682048188e-10
0.30700000000000016 1.4700449667993956e-10
0.30800000000000016 1.1754541739103713e-10
0.30900000000000016 9.22034652354764e-11
0.31000000000000016 7.076477427487959e-11
0.31100000000000017 5.301838912626908e-11
0.31200000000000017 3.8755909660701746e-11
0.31300000000000017 2.777128925743019e-11
0.31400000000000017 1.9860767913938666e-11
0.31500000000000017 1.482292157535639e-11
0.31600000000000017 1.2458809442454862e-11
0.31700000000000017 1.257220168807425e-11
0.31800000000000017 1.496987090147652e-11
0.3190000000000002 1.9461931641673608e-11
0.3200000000000002 2.586221366731312e-11
0.3210000000000002 3.3988655683455076e-11
0.3220000000000002 4.3663707769522e-11
0.3230000000000002 5.4714731996381804e-11
0.3240000000000002 6.697439207902026e-11
0.3250000000000002 8.028102422144089e-11
0.3260000000000002 9.447898257548426e-11
0.3270000000000002 1.0941895393941648e-10
0.3280000000000002 1.2495823745526432e-10
0.3290000000000002 1.4096098611681459e-10
0.3300000000000002 1.5729840786799299e-10
0.3310000000000002 1.738489249497835e-10
0.3320000000000002 1.9049829094194962e-10
0.3330000000000002 2.0713966564401566e-10
0.3340000000000002 2.2367364854898677e-10
0.3350000000000002 2.400082721871722e-10
0.3360000000000002 2.5605895705892145e-10
0.3370000000000002 2.7174843023910736e-10
0.3380000000000002 2.8700661002785285e-10
0.3390000000000002 3.0177045924629553e-10
0.3400000000000002 3.15983809939121e-10
0.3410000000000002 3.295971623530128e-10
0.3420000000000002 3.4256746111720223e-10
0.3430000000000002 3.5485785156543573e-10
0.3440000000000002 3.6643741911277824e-10
0.3450000000000002 3.77280914541454e-10
0.3460000000000002 3.8736846796211466e-10
0.3470000000000002 3.9668529410537763e-10
0.3480000000000002 4.052213914678443e-10
0.3490000000000002 4.129712376905204e-10
0.3500000000000002 4.1993348339006073e-10
0.3510000000000002 4.2611064649736e-10
0.3520000000000002 4.3150880898718343e-10
0.3530000000000002 4.3613731770880753e-10
0.3540000000000002 4.4000849085430056e-10
0.3550000000000002 4.431373314292237e-10
0.3560000000000002 4.455412489224571e-10
0.3570000000000002 4.472397902091203e-10
0.3580000000000002 4.4825438056369913e-10
0.3590000000000002 4.486080755115131e-10
0.3600000000000002 4.483253241052178e-10
0.3610000000000002 4.474317440807191e-10
0.3620000000000002 4.459539092232804e-10
0.3630000000000002 4.439191491604223e-10
0.3640000000000002 4.413553616935057e-10
0.3650000000000002 4.382908376844e-10
0.3660000000000002 4.3475409842751884e-10
0.3670000000000002 4.307737453604314e-10
0.3680000000000002 4.2637832189796213e-10
0.3690000000000002 4.215961871147784e-10
0.3700000000000002 4.1645540094974945e-10
0.3710000000000002 4.109836205611613e-10
0.3720000000000002 4.0520800742488865e-10
0.3730000000000002 3.991551447375125e-10
0.3740000000000002 3.928509646622246e-10
0.3750000000000002 3.8632068493731394e-10
0.3760000000000002 3.795887543540474e-10
0.3770000000000002 3.726788066026779e-10
0.3780000000000002 3.6561362198161103e-10
0.3790000000000002 3.5841509646492653e-10
0.3800000000000002 3.511042176271768e-10
0.3810000000000002 3.4370104693107135e-10
0.38200000000000023 3.3622470789316575e-10
0.38300000000000023 3.286933796543775e-10
0.38400000000000023 3.211242954959294e-10
0.38500000000000023 3.135337458566696e-10
0.38600000000000023 3.059370854245073e-10
0.38700000000000023 2.9834874389248333e-10
0.38800000000000023 2.907822399887103e-10
0.38900000000000023 2.8325019840863813e-10
0.39000000000000024 2.7576436929779626e-10
0.39100000000000024 2.6833564995302703e-10
0.39200000000000024 2.6097410843016504e-10
0.39300000000000024 2.536890087659194e-10
0.39400000000000024 2.464888375413509e-10
0.39500000000000024 2.3938133153356813e-10
0.39600000000000024 2.3237350622107843e-10
0.39700000000000024 2.2547168492660714e-10
0.39800000000000024 2.1868152839881375e-10
0.39900000000000024 2.1200806465152617e-10
0.40000000000000024 2.054557188954068e-10
0.40100000000000025 1.9902834341274316e-10
0.40200000000000025 1.92729247240901e-10
0.40300000000000025 1.8656122554419835e-10
0.40400000000000025 1.8052658856737147e-10
0.40500000000000025 1.746271900763777e-10
0.40600000000000025 1.6886445520421597e-10
0.40700000000000025 1.632394076305001e-10
0.40800000000000025 1.5775269603388057e-10
0.40900000000000025 1.5240461976606713e-10
0.41000000000000025 1.4719515370506899e-10
0.41100000000000025 1.4212397225355458e-10
0.41200000000000025 1.3719047245573568e-10
0.41300000000000026 1.3239379621315557e-10
0.41400000000000026 1.277328515860498e-10
0.41500000000000026 1.2320633317268706e-10
0.41600000000000026 1.1881274156427617e-10
0.41700000000000026 1.145504018777012e-10
0.41800000000000026 1.1041748137248741e-10
0.41900000000000026 1.0641200616210887e-10
0.42000000000000026 1.0253187703303745e-10
0.42100000000000026 9.8774884387742e-11
0.42200000000000026 9.51387223303806e-11
0.42300000000000026 9.162100191601313e-11
0.42400000000000027 8.821926358598929e-11
0.42500000000000027 8.493098881364363e-11
0.42600000000000027 8.175361098567929e-11
0.42700000000000027 7.868452554557428e-11
0.42800000000000027 7.572109942607535e-11
0.42900000000000027 7.286067979839999e-11
0.43000000000000027 7.01006021660786e-11
0.43100000000000027 6.743819783154161e-11
0.4320000000000003 6.4870800763578e-11
0.4330000000000003 6.239575389365067e-11
0.4340000000000003 6.001041486881601e-11
0.4350000000000003 5.771216128863209e-11
0.4360000000000003 5.549839545299806e-11
0.4370000000000003 5.336654864732773e-11
0.4380000000000003 5.131408499086369e-11
0.4390000000000003 4.933850487327339e-11
0.4400000000000003 4.743734800396339e-11
0.4410000000000003 4.560819609778978e-11
0.4420000000000003 4.384867522006286e-11
0.4430000000000003 4.2156457812936514e-11
0.4440000000000003 4.05292644244428e-11
0.4450000000000003 3.896486516059012e-11
0.4460000000000003 3.746108088010866e-11
0.4470000000000003 3.601578415056301e-11
0.4480000000000003 3.4626899983720564e-11
0.4490000000000003 3.3292406367219506e-11
0.4500000000000003 3.201033460874958e-11
0.4510000000000003 3.0778769508147496e-11
0.4520000000000003 2.9595849372007066e-11
0.4530000000000003 2.8459765884617712e-11
0.4540000000000003 2.736876384828637e-11
0.4550000000000003 2.632114080535295e-11
0.4560000000000003 2.531524655349037e-11
0.4570000000000003 2.434948256518145e-11
0.4580000000000003 2.342230132159673e-11
0.4590000000000003 2.253220557044448e-11
0.4600000000000003 2.1677747516743918e-11
0.4610000000000003 2.085752795487677e-11
0.4620000000000003 2.0070195349695384e-11
0.4630000000000003 1.9314444873925218e-11
0.4640000000000003 1.8589017408571777e-11
0.4650000000000003 1.7892698512548766e-11
0.4660000000000003 1.7224317367272206e-11
0.4670000000000003 1.6582745701514126e-11
0.4680000000000003 1.596689670138705e-11
0.4690000000000003 1.5375723909926842e-11
0.4700000000000003 1.4808220120363712e-11
0.4710000000000003 1.4263416266810017e-11
0.4720000000000003 1.3740380315759452e-11
0.4730000000000003 1.3238216161471934e-11
0.4740000000000003 1.2756062528024667e-11
0.4750000000000003 1.2293091880525692e-11
0.4760000000000003 1.1848509347731291e-11
0.4770000000000003 1.1421551658058844e-11
0.4780000000000003 1.1011486090764386e-11
0.4790000000000003 1.0617609443838331e-11
0.4800000000000003 1.0239247019978468e-11
0.4810000000000003 9.875751631815831e-12
0.4820000000000003 9.526502627400457e-12
0.4830000000000003 9.190904936796845e-12
0.4840000000000003 8.86838814049571e-12
0.4850000000000003 8.558405560215393e-12
0.4860000000000003 8.260433372544637e-12
0.4870000000000003 7.973969745766803e-12
0.4880000000000003 7.698534000103407e-12
0.4890000000000003 7.433665791521546e-12
0.4900000000000003 7.1789243191664395e-12
0.4910000000000003 6.933887556401737e-12
0.4920000000000003 6.69815150537328e-12
0.4930000000000003 6.4713294749476895e-12
0.4940000000000003 6.25305138182353e-12
0.49500000000000033 6.042963074560908e-12
0.49600000000000033 5.840725680233286e-12
0.49700000000000033 5.646014973365236e-12
0.49800000000000033 5.458520766786172e-12
0.49900000000000033 5.277946324000591e-12
