0.1 1.1327523411757428e-14
0.101 -1.2535918965405528e-13
0.10200000000000001 -4.1469392630404435e-13
0.10300000000000001 -7.475978161292488e-13
0.10400000000000001 -9.17121911742712e-13
0.10500000000000001 -8.025012061493531e-13
0.10600000000000001 -4.885299160986299e-13
0.10700000000000001 -1.8193335717101816e-13
0.10800000000000001 -2.3631323456798074e-14
0.10900000000000001 2.3523162310841926e-16
0.11000000000000001 -1.543598400823435e-14
0.11100000000000002 -1.2682050613661988e-14
0.11200000000000002 -1.8014881077626887e-15
0.11300000000000002 -6.269383113457446e-15
0.11400000000000002 -1.5998328976742234e-14
0.11500000000000002 -8.079978615407696e-15
0.11600000000000002 2.4977729020615685e-16
0.11700000000000002 -6.003939913192892e-14
0.11800000000000002 -2.533934738485454e-13
0.11900000000000002 -5.602002054583027e-13
0.12000000000000002 -8.470528920245104e-13
0.12100000000000002 -9.265451654611949e-13
0.12200000000000003 -6.834291579375599e-13
0.12300000000000003 -1.948975865819671e-13
0.12400000000000003 2.3391580806895707e-13
0.12500000000000003 1.5890173186027597e-13
0.12600000000000003 -8.152560095713665e-13
0.12700000000000003 -2.8316392200591038e-12
0.12800000000000003 -5.662540487152443e-12
0.12900000000000003 -8.741525244312581e-12
0.13000000000000003 -1.1341299731960713e-11
0.13100000000000003 -1.2823294480737134e-11
0.13200000000000003 -1.2852889769999877e-11
0.13300000000000003 -1.1494089711099406e-11
0.13400000000000004 -9.155612305521517e-12
0.13500000000000004 -6.425125778165122e-12
0.13600000000000004 -3.868785580118402e-12
0.13700000000000004 -1.8746975693690244e-12
0.13800000000000004 -5.875425382466909e-13
0.13900000000000004 6.277734620612842e-14
0.14000000000000004 2.7150105395608287e-13
0.14100000000000004 2.55906434232195e-13
0.14200000000000004 1.7869192963982013e-13
0.14300000000000004 1.1687347361186183e-13
0.14400000000000004 7.28673526525793e-14
0.14500000000000005 9.810762334703677e-15
0.14600000000000005 -1.1025724315781521e-13
0.14700000000000005 -3.0097836552257684e-13
0.14800000000000005 -5.447266366588497e-13
0.14900000000000005 -8.00861784933399e-13
0.15000000000000005 -1.0210550690160085e-12
0.15100000000000005 -1.1633985884372813e-12
0.15200000000000005 -1.200149879897007e-12
0.15300000000000005 -1.118171400585025e-12
0.15400000000000005 -9.14442263327152e-13
0.15500000000000005 -5.904176346909433e-13
0.15600000000000006 -1.4848745365492e-13
0.15700000000000006 4.0794166444505546e-13
0.15800000000000006 1.0711839828356499e-12
0.15900000000000006 1.824682596838866e-12
0.16000000000000006 2.63939254906598e-12
0.16100000000000006 3.4729744762379453e-12
0.16200000000000006 4.272576624985012e-12
0.16300000000000006 4.980788899138162e-12
0.16400000000000006 5.543417951208454e-12
0.16500000000000006 5.9172908692200196e-12
0.16600000000000006 6.076388685859581e-12
0.16700000000000007 6.015124395889453e-12
0.16800000000000007 5.748310257069636e-12
0.16900000000000007 5.308089852327823e-12
0.17000000000000007 4.7386712350164285e-12
0.17100000000000007 4.089994751805845e-12
0.17200000000000007 3.4114897164369284e-12
0.17300000000000007 2.7468688315986145e-12
0.17400000000000007 2.1305657656292326e-12
0.17500000000000007 1.5860357822028248e-12
0.17600000000000007 1.1257940293748828e-12
0.17700000000000007 7.52815887060122e-13
0.17800000000000007 4.627921424444885e-13
0.17900000000000008 2.46714340369775e-13
0.18000000000000008 9.333831202307345e-14
0.18100000000000008 -8.797553832303904e-15
0.18200000000000008 -6.997356741989967e-14
0.18300000000000008 -9.85438180695489e-14
0.18400000000000008 -1.0076912222287927e-13
0.18500000000000008 -8.108158708304463e-14
0.18600000000000008 -4.260519262112783e-14
0.18700000000000008 1.2237483751976345e-14
0.18800000000000008 8.11714072977973e-14
0.18900000000000008 1.6166233463963512e-13
0.19000000000000009 2.5070318984341126e-13
0.1910000000000001 3.447961140706851e-13
0.1920000000000001 4.4009935534424066e-13
0.1930000000000001 5.32687324367286e-13
0.1940000000000001 6.188638170968862e-13
0.1950000000000001 6.954707747405882e-13
0.1960000000000001 7.601451465768703e-13
0.1970000000000001 8.11491206559174e-13
0.1980000000000001 8.491519985059306e-13
0.1990000000000001 8.737789424666148e-13
0.2000000000000001 8.869112599676388e-13
0.2010000000000001 8.907857773723337e-13
0.2020000000000001 8.881025548601165e-13
0.2030000000000001 8.817729307734023e-13
0.2040000000000001 8.746746162730835e-13
0.2050000000000001 8.694342794461047e-13
0.2060000000000001 8.682525319460138e-13
0.2070000000000001 8.727802225161383e-13
0.2080000000000001 8.840491560045871e-13
0.2090000000000001 9.024553158252904e-13
0.2100000000000001 9.277887006822835e-13
0.2110000000000001 9.5930114117413e-13
0.2120000000000001 9.958019362549092e-13
0.2130000000000001 1.0357707275068904e-12
0.2140000000000001 1.077477520307129e-12
0.2150000000000001 1.1191009364667715e-12
0.2160000000000001 1.158837406216201e-12
0.2170000000000001 1.194995857394628e-12
0.2180000000000001 1.2260743465248104e-12
0.2190000000000001 1.2508168502802027e-12
0.2200000000000001 1.268249989812003e-12
0.2210000000000001 1.277700728940696e-12
0.22200000000000011 1.2787970413461813e-12
0.22300000000000011 1.2714541825636377e-12
0.22400000000000012 1.2558495533187531e-12
0.22500000000000012 1.232389240282842e-12
0.22600000000000012 1.2016692160803853e-12
0.22700000000000012 1.1644339227662728e-12
0.22800000000000012 1.1215346010953006e-12
0.22900000000000012 1.0738893063498384e-12
0.23000000000000012 1.0224461084110913e-12
0.23100000000000012 9.681505398260791e-13
0.23200000000000012 9.119179538028292e-13
0.23300000000000012 8.546111000315817e-13
0.23400000000000012 7.9702292911998e-13
0.23500000000000013 7.398643999013156e-13
0.23600000000000013 6.837568872094496e-13
0.23700000000000013 6.292286669559258e-13
0.23800000000000013 5.767148843316276e-13
0.23900000000000013 5.26560382232103e-13
0.24000000000000013 4.790247725817166e-13
0.24100000000000013 4.3428916517070026e-13
0.24200000000000013 3.9246401947484793e-13
0.24300000000000013 3.535976480406087e-13
0.24400000000000013 3.1768496968051266e-13
0.24500000000000013 2.84676182256005e-13
0.24600000000000014 2.5448509456649305e-13
0.24700000000000014 2.2699692211223699e-13
0.24800000000000014 2.0207541041213415e-13
0.24900000000000014 1.795692010313219e-13
0.2500000000000001 1.5931739901375704e-13
0.2510000000000001 1.4115433600950408e-13
0.2520000000000001 1.2491355138596086e-13
0.2530000000000001 1.1043103462079122e-13
0.2540000000000001 9.754778705971967e-14
0.2550000000000001 8.611177053607555e-14
0.2560000000000001 7.597931526859576e-14
0.2570000000000001 6.701606073397449e-14
0.2580000000000001 5.909750165135725e-14
0.2590000000000001 5.210920754035728e-14
0.2600000000000001 4.5946779155985735e-14
0.2610000000000001 4.051559900230691e-14
0.2620000000000001 3.57304265269159e-14
0.2630000000000001 3.1514881856577446e-14
0.2640000000000001 2.7800855325074335e-14
0.2650000000000001 2.4527873769546298e-14
0.2660000000000001 2.164244877103812e-14
0.2670000000000001 1.909742677606322e-14
0.2680000000000001 1.6851356403587545e-14
0.26900000000000013 1.4867884227342906e-14
0.27000000000000013 1.311518691272495e-14
0.27100000000000013 1.1565444748220484e-14
0.27200000000000013 1.0194359298435717e-14
0.27300000000000013 8.980716066830785e-15
0.27400000000000013 7.90599163510366e-15
0.27500000000000013 6.954003686088645e-15
0.27600000000000013 6.110601563003583e-15
0.27700000000000014 5.363394518159434e-15
0.27800000000000014 4.701514511429979e-15
0.27900000000000014 4.115410290412168e-15
0.28000000000000014 3.596669483059556e-15
0.28100000000000014 3.1378655275857853e-15
0.28200000000000014 2.7324264265786077e-15
0.28300000000000014 2.3745225201439546e-15
0.28400000000000014 2.0589707083653026e-15
0.28500000000000014 1.7811528020301194e-15
0.28600000000000014 1.5369459313464637e-15
0.28700000000000014 1.3226631869576462e-15
0.28800000000000014 1.1350029000339748e-15
0.28900000000000015 9.710051845882484e-16
0.29000000000000015 8.280145630108369e-16
0.29100000000000015 7.036476739638157e-16
0.29200000000000015 5.957652199798083e-16
0.29300000000000015 5.024474508529093e-16
0.29400000000000015 4.2197259915711963e-16
0.29500000000000015 3.5279778729671926e-16
0.29600000000000015 2.9354201289060287e-16
0.29700000000000015 2.4297089263215557e-16
0.29800000000000015 1.9998290567402166e-16
0.29900000000000015 1.6359692764945362e-16
0.30000000000000016 1.3294088716352204e-16
0.30100000000000016 1.0724140936086784e-16
0.30200000000000016 8.581433726906626e-17
0.30300000000000016 6.805604216034805e-17
0.30400000000000016 5.343545016683884e-17
0.30500000000000016 4.148672469165549e-17
0.30600000000000016 3.1802553521909765e-17
0.30700000000000016 2.4027996597871706e-17
0.30800000000000016 1.7854855648603804e-17
0.30900000000000016 1.3016530799754883e-17
0.31000000000000016 9.283332144175922e-18
0.31100000000000017 6.458216420568707e-18
0.31200000000000017 4.372920589710214e-18
0.31300000000000017 2.8844654018128083e-18
0.31400000000000017 1.872003140242791e-18
0.31500000000000017 1.2339846999301142e-18
0.31600000000000017 8.856220795634518e-19
0.31700000000000017 7.566232795053822e-19
0.31800000000000017 7.891775295187705e-19
0.3190000000000002 9.361697365608406e-19
0.3200000000000002 1.1596040478716737e-18
0.3210000000000002 1.4292174666756213e-18
0.3220000000000002 1.7212655306885696e-18
0.3230000000000002 2.0174631580727977e-18
0.3240000000000002 2.3040648709475652e-18
0.3250000000000002 2.5710697118858047e-18
0.3260000000000002 2.8115372632292096e-18
0.3270000000000002 3.021002252416539e-18
0.3280000000000002 3.1969762699300585e-18
0.3290000000000002 3.3385261322189838e-18
0.3300000000000002 3.4459193837935306e-18
0.3310000000000002 3.520328345657886e-18
0.3320000000000002 3.5635849777959025e-18
0.3330000000000002 3.5779796291793696e-18
0.3340000000000002 3.566097498467314e-18
0.3350000000000002 3.530687321959535e-18
0.3360000000000002 3.4745574429992205e-18
0.3370000000000002 3.4004950001626443e-18
0.3380000000000002 3.311204502057599e-18
0.3390000000000002 3.2092625366477052e-18
0.3400000000000002 3.097085795338835e-18
0.3410000000000002 2.9769099794515216e-18
0.3420000000000002 2.8507775021401427e-18
0.3430000000000002 2.72053220537766e-18
0.3440000000000002 2.5878195823699517e-18
0.3450000000000002 2.4540912337290085e-18
0.3460000000000002 2.3206124938675585e-18
0.3470000000000002 2.1884723452120758e-18
0.3480000000000002 2.058594894665825e-18
0.3490000000000002 1.931751821821035e-18
0.3500000000000002 1.808575324101374e-18
0.3510000000000002 1.6895711825063136e-18
0.3520000000000002 1.5751316549610275e-18
0.3530000000000002 1.4655479742964065e-18
0.3540000000000002 1.3610222862877276e-18
0.3550000000000002 1.261678911484741e-18
0.3560000000000002 1.1675748541448842e-18
0.3570000000000002 1.0787095136603119e-18
0.3580000000000002 9.950335795352176e-19
0.3590000000000002 9.16457111192005e-19
0.3600000000000002 8.428568195078389e-19
0.3610000000000002 7.740825787547076e-19
0.3620000000000002 7.099632061827531e-19
0.3630000000000002 6.503115524109798e-19
0.3640000000000002 5.949289495577162e-19
0.3650000000000002 5.436090660691806e-19
0.3660000000000002 4.961412178448026e-19
0.3670000000000002 4.52313184812249e-19
0.3680000000000002 4.1191358082636364e-19
0.3690000000000002 3.747338228664838e-19
0.3700000000000002 3.4056974316091538e-19
0.3710000000000002 3.092228852199465e-19
0.3720000000000002 2.805015219268541e-19
0.3730000000000002 2.5422143091458964e-19
0.3740000000000002 2.3020645951816084e-19
0.3750000000000002 2.0828890869818346e-19
0.3760000000000002 1.8830976252334278e-19
0.3770000000000002 1.70118787111473e-19
0.3780000000000002 1.5357452038383703e-19
0.3790000000000002 1.3854417160020868e-19
0.3800000000000002 1.2490344742248599e-19
0.3810000000000002 1.1253631920558508e-19
0.38200000000000023 1.0133474433631142e-19
0.38300000000000023 9.119835273031159e-20
0.38400000000000023 8.203410804870167e-20
0.38500000000000023 7.375595180198195e-20
0.38600000000000023 6.628443726115083e-20
0.38700000000000023 5.954635898503815e-20
0.38800000000000023 5.347438278917783e-20
0.38900000000000023 4.80066801151709e-20
0.39000000000000024 4.308657000065303e-20
0.39100000000000024 3.866217118905452e-20
0.39200000000000024 3.4686066346184305e-20
0.39300000000000024 3.1114979858414245e-20
0.39400000000000024 2.7909470266641736e-20
0.39500000000000024 2.5033638033494265e-20
0.39600000000000024 2.2454849041215332e-20
0.39700000000000024 2.0143473967710802e-20
0.39800000000000024 1.8072643482234844e-20
0.39900000000000024 1.6218019034642516e-20
0.40000000000000024 1.4557578878004517e-20
0.40100000000000025 1.3071418859132537e-20
0.40200000000000025 1.1741567431170426e-20
0.40300000000000025 1.0551814283213164e-20
0.40400000000000025 9.487551940731897e-21
0.40500000000000025 8.53562966453672e-21
0.40600000000000025 7.684218962612366e-21
0.40700000000000025 6.922690026203896e-21
0.40800000000000025 6.241498407097838e-21
0.40900000000000025 5.6320812654816595e-21
0.41000000000000025 5.086762535621221e-21
0.41100000000000025 4.598666378654796e-21
0.41200000000000025 4.161638316998342e-21
0.41300000000000026 3.7701734723034644e-21
0.41400000000000026 3.419351357858974e-21
0.41500000000000026 3.1047767061407362e-21
0.41600000000000026 2.8225258423881846e-21
0.41700000000000026 2.5690981451834007e-21
0.41800000000000026 2.3413721646930287e-21
0.41900000000000026 2.136565998230051e-21
0.42000000000000026 1.952201550891698e-21
0.42100000000000026 1.786072336066358e-21
0.42200000000000026 1.6362144964660254e-21
0.42300000000000026 1.5008807509441846e-21
0.42400000000000027 1.3785169956582179e-21
0.42500000000000027 1.2677413101026303e-21
0.42600000000000027 1.1673251391723951e-21
0.42700000000000027 1.0761764417280166e-21
0.42800000000000027 9.933246141509988e-22
0.42900000000000027 9.179070141392728e-22
0.43000000000000027 8.491569255395292e-22
0.43100000000000027 7.863928194006339e-22
0.4320000000000003 7.290087797126369e-22
0.4330000000000003 6.7646597452815205e-22
0.4340000000000003 6.282850644056529e-22
0.4350000000000003 5.840394504270269e-22
0.4360000000000003 5.433492734841729e-22
0.4370000000000003 5.058760851587259e-22
0.4380000000000003 4.713181183925207e-22
0.4390000000000003 4.394060933179126e-22
0.4400000000000003 4.0989950013979205e-22
0.4410000000000003 3.825833068838093e-22
0.4420000000000003 3.5726504519633796e-22
0.4430000000000003 3.337722322452052e-22
0.4440000000000003 3.119500911679747e-22
0.4450000000000003 2.9165953648664853e-22
0.4460000000000003 2.7277539449000706e-22
0.4470000000000003 2.551848318121129e-22
0.4480000000000003 2.3878596833933866e-22
0.4490000000000003 2.234866531878436e-22
0.4500000000000003 2.0920338483605008e-22
0.4510000000000003 1.9586035859721142e-22
0.4520000000000003 1.8338862649840003e-22
0.4530000000000003 1.717253563155258e-22
0.4540000000000003 1.608131780182777e-22
0.4550000000000003 1.505996072219009e-22
0.4560000000000003 1.410365364405242e-22
0.4570000000000003 1.3207978600385269e-22
0.4580000000000003 1.2368870744882727e-22
0.4590000000000003 1.1582583304228334e-22
0.4600000000000003 1.0845656584072815e-22
0.4610000000000003 1.0154890535888608e-22
0.4620000000000003 9.507320450864584e-23
0.4630000000000003 8.900195399255681e-23
0.4640000000000003 8.330959079821552e-23
0.4650000000000003 7.797232784847115e-23
0.4660000000000003 7.296800222310348e-23
0.4670000000000003 6.827593968584494e-23
0.4680000000000003 6.387683353104971e-23
0.4690000000000003 5.975263601121172e-23
0.4700000000000003 5.588646082368405e-23
0.4710000000000003 5.226249532576924e-23
0.4720000000000003 4.8865921314861886e-23
0.4730000000000003 4.5682843357226876e-23
0.4740000000000003 4.270022377772383e-23
0.4750000000000003 3.9905823535442704e-23
0.4760000000000003 3.728814830877e-23
0.4770000000000003 3.4836399199477325e-23
0.4780000000000003 3.254042754057769e-23
0.4790000000000003 3.039069335823544e-23
0.4800000000000003 2.837822709511149e-23
0.4810000000000003 2.649459425224996e-23
0.4820000000000003 2.4731862649854684e-23
0.4830000000000003 2.308257204489081e-23
0.4840000000000003 2.1539705876100874e-23
0.4850000000000003 2.0096664935353172e-23
0.4860000000000003 1.8747242788826924e-23
0.4870000000000003 1.7485602792843623e-23
0.4880000000000003 1.6306256567620025e-23
0.4890000000000003 1.5204043808212084e-23
0.4900000000000003 1.4174113325776552e-23
0.4910000000000003 1.3211905224269606e-23
0.4920000000000003 1.2313134128096775e-23
0.4930000000000003 1.1473773385228322e-23
0.4940000000000003 1.0690040178102612e-23
0.49500000000000033 9.95838148140551e-24
0.49600000000000033 9.275460811699628e-24
0.49700000000000033 8.638145718987753e-24
0.49800000000000033 8.043495974752443e-24
0.49900000000000033 7.488752414902966e-24
