0.1 5.021987435554017e-11
0.101 8.989531114198827e-11
0.10200000000000001 1.2200473296512343e-10
0.10300000000000001 1.2925128548918219e-10
0.10400000000000001 1.053554176878785e-10
0.10500000000000001 5.95657616673751e-11
0.10600000000000001 1.1016303315644796e-11
0.10700000000000001 -2.26189341351243e-11
0.10800000000000001 -3.409090871494125e-11
0.10900000000000001 -2.7879823576754906e-11
0.11000000000000001 -1.463914740839594e-11
0.11100000000000002 -3.802491832647298e-12
0.11200000000000002 8.181500939809018e-13
0.11300000000000002 8.683776255867759e-13
0.11400000000000002 3.4543688092593847e-13
0.11500000000000002 2.285127374386642e-12
0.11600000000000002 7.097257267878568e-12
0.11700000000000002 1.285930920942088e-11
0.11800000000000002 1.6809689664865665e-11
0.11900000000000002 1.7007121224101058e-11
0.12000000000000002 1.3367188471490418e-11
0.12100000000000002 7.70344519167418e-12
0.12200000000000003 2.8225992756116985e-12
0.12300000000000003 1.0957474967064378e-12
0.12400000000000003 3.1638666908756664e-12
0.12500000000000003 7.411665524903715e-12
0.12600000000000003 1.0514755554121787e-11
0.12700000000000003 8.857027657917311e-12
0.12800000000000003 1.829300213936131e-13
0.12900000000000003 -1.527448270986985e-11
0.13000000000000003 -3.4698700098759923e-11
0.13100000000000003 -5.365060933321518e-11
0.13200000000000003 -6.763816213832151e-11
0.13300000000000003 -7.361928351513238e-11
0.13400000000000004 -7.085629837679403e-11
0.13500000000000004 -6.087434138692368e-11
0.13600000000000004 -4.666870105695517e-11
0.13700000000000004 -3.1576943604367374e-11
0.13800000000000004 -1.8285499681400933e-11
0.13900000000000004 -8.293412120028899e-12
0.14000000000000004 -1.907404660593735e-12
0.14100000000000004 1.384716499865728e-12
0.14200000000000004 2.431422215190284e-12
0.14300000000000004 2.07393715155131e-12
0.14400000000000004 1.0680444822824766e-12
0.14500000000000005 2.435671262572681e-13
0.14600000000000005 7.574769650101315e-13
0.14700000000000005 4.2593141294380355e-12
0.14800000000000005 1.2832968947939996e-11
0.14900000000000005 2.8678210852584675e-11
0.15000000000000005 5.360430644175842e-11
0.15100000000000005 8.848540058083783e-11
0.15200000000000005 1.3284872991956241e-10
0.15300000000000005 1.847301565300239e-10
0.15400000000000005 2.408540902080989e-10
0.15500000000000005 2.9710428610541294e-10
0.15600000000000006 3.49176214923503e-10
0.15700000000000006 3.932605791575728e-10
0.15800000000000006 4.266085009703161e-10
0.15900000000000006 4.478668950717838e-10
0.16000000000000006 4.5713352884684794e-10
0.16100000000000006 4.557474400852673e-10
0.16200000000000006 4.458853099088899e-10
0.16300000000000006 4.300668799775933e-10
0.16400000000000006 4.1067837223339846e-10
0.16500000000000006 3.8960468067876186e-10
0.16600000000000006 3.680263784987169e-10
0.16700000000000007 3.463962192758875e-10
0.16800000000000007 3.2457148617760053e-10
0.16900000000000007 3.020506806181146e-10
0.17000000000000007 2.7824966343729437e-10
0.17100000000000007 2.5275388202378737e-10
0.17200000000000007 2.2549711985247587e-10
0.17300000000000007 1.9683871281055503e-10
0.17400000000000007 1.6753509325499026e-10
0.17500000000000007 1.3862296937769202e-10
0.17600000000000007 1.1124679716278869e-10
0.17700000000000007 8.647051950273487e-11
0.17800000000000007 6.511263646292366e-11
0.17900000000000008 4.763580798588184e-11
0.18000000000000008 3.4109649929939376e-11
0.18100000000000008 2.425088705547672e-11
0.18200000000000008 1.7531217012978323e-11
0.18300000000000008 1.3332273049614653e-11
0.18400000000000008 1.1120357304080377e-11
0.18500000000000008 1.0611714535995926e-11
0.18600000000000008 1.1901796859685702e-11
0.18700000000000008 1.553836629700999e-11
0.18800000000000008 2.2527112474556586e-11
0.18900000000000008 3.4268273739539456e-11
0.19000000000000009 5.2432138058197074e-11
0.1910000000000001 7.87890902404324e-11
0.1920000000000001 1.1501523480657987e-10
0.1930000000000001 1.6249712838557202e-10
0.1940000000000001 2.2215876430268138e-10
0.1950000000000001 2.943309681993289e-10
0.1960000000000001 3.786783472064714e-10
0.1970000000000001 4.74192603660915e-10
0.1980000000000001 5.792541513016301e-10
0.1990000000000001 6.917572970367609e-10
0.2000000000000001 8.092884086486076e-10
0.2010000000000001 9.293419573030757e-10
0.2020000000000001 1.0495564025027265e-09
0.2030000000000001 1.1679506919512896e-09
0.2040000000000001 1.2831426272282233e-09
0.2050000000000001 1.3945323060065828e-09
0.2060000000000001 1.5024369975667795e-09
0.2070000000000001 1.6081677823209777e-09
0.2080000000000001 1.7140427057532333e-09
0.2090000000000001 1.8233356911118704e-09
0.2100000000000001 1.940164690783536e-09
0.2110000000000001 2.069326260241658e-09
0.2120000000000001 2.216086709111147e-09
0.2130000000000001 2.385942095848982e-09
0.2140000000000001 2.584360534867029e-09
0.2150000000000001 2.8165205939371043e-09
0.2160000000000001 3.0870590481657096e-09
0.2170000000000001 3.3998400406863075e-09
0.2180000000000001 3.757755924795763e-09
0.2190000000000001 4.162567888406277e-09
0.2200000000000001 4.614792053412351e-09
0.2210000000000001 5.113634256364558e-09
0.22200000000000011 5.656974293351266e-09
0.22300000000000011 6.241398170006947e-09
0.22400000000000012 6.862274930393003e-09
0.22500000000000012 7.513873012494521e-09
0.22600000000000012 8.189509832955931e-09
0.22700000000000012 8.881727454418148e-09
0.22800000000000012 9.582486728557956e-09
0.22900000000000012 1.0283372211711552e-08
0.23000000000000012 1.0975800378673056e-08
0.23100000000000012 1.1651224164943058e-08
0.23200000000000012 1.2301327593276397e-08
0.23300000000000012 1.2918205129516816e-08
0.23400000000000012 1.349452140865124e-08
0.23500000000000013 1.402364802142984e-08
0.23600000000000013 1.4499775106526584e-08
0.23700000000000013 1.4917996511503997e-08
0.23800000000000013 1.5274368233586418e-08
0.23900000000000013 1.556594070199023e-08
0.24000000000000013 1.5790766198525846e-08
0.24100000000000013 1.5947883320845354e-08
0.24200000000000013 1.6037280868070946e-08
0.24300000000000013 1.605984387242407e-08
0.24400000000000013 1.6017284718424558e-08
0.24500000000000013 1.591206239263303e-08
0.24600000000000014 1.5747292904005712e-08
0.24700000000000014 1.5526653821819393e-08
0.24800000000000014 1.525428571001779e-08
0.24900000000000014 1.4934693009268773e-08
0.2500000000000001 1.4572646646216785e-08
0.2510000000000001 1.4173090347826846e-08
0.2520000000000001 1.3741052320608317e-08
0.2530000000000001 1.3281563631648868e-08
0.2540000000000001 1.2799584311003162e-08
0.2550000000000001 1.2299937891475648e-08
0.2560000000000001 1.1787254819003962e-08
0.2570000000000001 1.1265924909732494e-08
0.2580000000000001 1.0740058802017328e-08
0.2590000000000001 1.0213458155120552e-08
0.2600000000000001 9.689594182095246e-09
0.2610000000000001 9.171593972122351e-09
0.2620000000000001 8.662233956231508e-09
0.2630000000000001 8.163939798106473e-09
0.2640000000000001 7.67879194619341e-09
0.2650000000000001 7.2085360618716585e-09
0.2660000000000001 6.754597538042688e-09
0.2670000000000001 6.318099340076346e-09
0.2680000000000001 5.89988243354747e-09
0.26900000000000013 5.5005281076089764e-09
0.27000000000000013 5.120381556350782e-09
0.27100000000000013 4.759576140455841e-09
0.27200000000000013 4.418057815516105e-09
0.27300000000000013 4.095609279397318e-09
0.27400000000000013 3.791873457221186e-09
0.27500000000000013 3.5063760073281684e-09
0.27600000000000013 3.238546593724882e-09
0.27700000000000014 2.987738729014735e-09
0.27800000000000014 2.7532480459017353e-09
0.27900000000000014 2.5343289045163e-09
0.28000000000000014 2.3302092867157566e-09
0.28100000000000014 2.140103966998427e-09
0.28200000000000014 1.963225982743693e-09
0.28300000000000014 1.7987964542652232e-09
0.28400000000000014 1.6460528278669408e-09
0.28500000000000014 1.5042556330180118e-09
0.28600000000000014 1.3726938582756024e-09
0.28700000000000014 1.2506890600796886e-09
0.28800000000000014 1.137598324446351e-09
0.28900000000000015 1.0328162043271007e-09
0.29000000000000015 9.357757554155138e-10
0.29100000000000015 8.459487908876233e-10
0.29200000000000015 7.628454713618202e-10
0.29300000000000015 6.860133406369901e-10
0.29400000000000015 6.150359108587848e-10
0.29500000000000015 5.495308929963528e-10
0.29600000000000015 4.891481601634838e-10
0.29700000000000015 4.33567522643397e-10
0.29800000000000015 3.824963846899996e-10
0.29900000000000015 3.356673444639797e-10
0.30000000000000016 2.928357899737911e-10
0.30100000000000016 2.537775357523877e-10
0.30200000000000016 2.182865373079891e-10
0.30300000000000016 1.8617271321410756e-10
0.30400000000000016 1.5725989810160713e-10
0.30500000000000016 1.313839438160135e-10
0.30600000000000016 1.0839098062108296e-10
0.30700000000000016 8.813584556734354e-11
0.30800000000000016 7.048068099018748e-11
0.30900000000000016 5.529370253619546e-11
0.31000000000000016 4.2448133110947093e-11
0.31100000000000017 3.182129666261562e-11
0.31200000000000017 2.3293863724885915e-11
0.31300000000000017 1.6749239099763168e-11
0.31400000000000017 1.2073080922821792e-11
0.31500000000000017 9.15293957758598e-12
0.31600000000000017 7.878004469233164e-12
0.31700000000000017 8.138946489724174e-12
0.31800000000000017 9.827844065842243e-12
0.3190000000000002 1.283818094227631e-11
0.3200000000000002 1.7064904277206086e-11
0.3210000000000002 2.2404532186029353e-11
0.3220000000000002 2.875530053029066e-11
0.3230000000000002 3.6017339486150813e-11
0.3240000000000002 4.4092871216744665e-11
0.3250000000000002 5.288642079372089e-11
0.3260000000000002 6.230503334766884e-11
0.3270000000000002 7.22584912585404e-11
0.3280000000000002 8.265952601309893e-11
0.3290000000000002 9.342402014546746e-11
0.3300000000000002 1.044711954307114e-10
0.3310000000000002 1.157237842127663e-10
0.3320000000000002 1.2710818141206547e-10
0.3330000000000002 1.3855457537153726e-10
0.3340000000000002 1.4999705625938653e-10
0.3350000000000002 1.6137370125302624e-10
0.3360000000000002 1.72626636179939e-10
0.3370000000000002 1.837020736893104e-10
0.3380000000000002 1.9455032837450323e-10
0.3390000000000002 2.0512580956266534e-10
0.3400000000000002 2.153869927367393e-10
0.3410000000000002 2.252963707598118e-10
0.3420000000000002 2.3482038623479514e-10
0.3430000000000002 2.439293464576828e-10
0.3440000000000002 2.525973225129781e-10
0.3450000000000002 2.6080203411902927e-10
0.3460000000000002 2.685247218620241e-10
0.3470000000000002 2.7575000846365046e-10
0.3480000000000002 2.824657507122538e-10
0.3490000000000002 2.8866288365323705e-10
0.3500000000000002 2.9433525858482846e-10
0.3510000000000002 2.994794763424379e-10
0.3520000000000002 3.0409471728143087e-10
0.3530000000000002 3.0818256928604484e-10
0.3540000000000002 3.1174685504412304e-10
0.3550000000000002 3.1479345973449773e-10
0.3560000000000002 3.1733016017831183e-10
0.3570000000000002 3.193664564088336e-10
0.3580000000000002 3.209134065172389e-10
0.3590000000000002 3.219834655362291e-10
0.3600000000000002 3.2259032902943103e-10
0.3610000000000002 3.2274878196377376e-10
0.3620000000000002 3.224745533545971e-10
0.3630000000000002 3.217841770899443e-10
0.3640000000000002 3.206948592617328e-10
0.3650000000000002 3.192243522574383e-10
0.3660000000000002 3.1739083579692144e-10
0.3670000000000002 3.152128050351974e-10
0.3680000000000002 3.127089657933043e-10
0.3690000000000002 3.0989813692592664e-10
0.3700000000000002 3.067991597861874e-10
0.3710000000000002 3.0343081470468635e-10
0.3720000000000002 2.998117443614406e-10
0.3730000000000002 2.959603838957324e-10
0.3740000000000002 2.9189489756951663e-10
0.3750000000000002 2.876331217751532e-10
0.3760000000000002 2.831925141572029e-10
0.3770000000000002 2.785901086008018e-10
0.3780000000000002 2.738424758254057e-10
0.3790000000000002 2.68965689312185e-10
0.3800000000000002 2.6397529628582924e-10
0.3810000000000002 2.5888629346666094e-10
0.38200000000000023 2.537131073066197e-10
0.38300000000000023 2.484695784224802e-10
0.38400000000000023 2.4316894994148977e-10
0.38500000000000023 2.378238594781442e-10
0.38600000000000023 2.3244633446591455e-10
0.38700000000000023 2.2704779057410875e-10
0.38800000000000023 2.2163903294762595e-10
0.38900000000000023 2.1623026001580836e-10
0.39000000000000024 2.1083106962590792e-10
0.39100000000000024 2.0545046726657463e-10
0.39200000000000024 2.0009687615720706e-10
0.39300000000000024 1.9477814898975385e-10
0.39400000000000024 1.8950158112061857e-10
0.39500000000000024 1.842739250214673e-10
0.39600000000000024 1.7910140580896166e-10
0.39700000000000024 1.7398973768468353e-10
0.39800000000000024 1.6894414112752826e-10
0.39900000000000024 1.639693606918514e-10
0.40000000000000024 1.5906968327526552e-10
0.40100000000000025 1.542489567304908e-10
0.40200000000000025 1.495106087057014e-10
0.40300000000000025 1.4485766560761567e-10
0.40400000000000025 1.4029277159097662e-10
0.40500000000000025 1.3581820748702544e-10
0.40600000000000025 1.3143590959221533e-10
0.40700000000000025 1.2714748824655001e-10
0.40800000000000025 1.2295424613867446e-10
0.40900000000000025 1.1885719628218662e-10
0.41000000000000025 1.1485707961447978e-10
0.41100000000000025 1.1095438217593537e-10
0.41200000000000025 1.0714935183327191e-10
0.41300000000000026 1.0344201451652181e-10
0.41400000000000026 9.983218994431272e-11
0.41500000000000026 9.631950681696413e-11
0.41600000000000026 9.290341746136394e-11
0.41700000000000026 8.958321191569601e-11
0.41800000000000026 8.635803144581153e-11
0.41900000000000026 8.322688148845078e-11
0.42000000000000026 8.018864401963361e-11
0.42100000000000026 7.724208934928394e-11
0.42200000000000026 7.438588734570067e-11
0.42300000000000026 7.161861809568727e-11
0.42400000000000027 6.893878200815279e-11
0.42500000000000027 6.634480937071934e-11
0.42600000000000027 6.383506937041241e-11
0.42700000000000027 6.140787859080905e-11
0.42800000000000027 5.906150899913143e-11
0.42900000000000027 5.679419543773946e-11
0.43000000000000027 5.460414263523087e-11
0.43100000000000027 5.248953175298987e-11
0.4320000000000003 5.044852648352228e-11
0.4330000000000003 4.84792787172631e-11
0.4340000000000003 4.657993379479709e-11
0.4350000000000003 4.4748635361570133e-11
0.4360000000000003 4.2983529842221514e-11
0.4370000000000003 4.128277055162674e-11
0.4380000000000003 3.9644521459630155e-11
0.4390000000000003 3.806696062626772e-11
0.4400000000000003 3.654828332404477e-11
0.4410000000000003 3.50867048635402e-11
0.4420000000000003 3.368046313827838e-11
0.4430000000000003 3.2327820904437836e-11
0.4440000000000003 3.102706781056026e-11
0.4450000000000003 2.977652219198849e-11
0.4460000000000003 2.8574532644318422e-11
0.4470000000000003 2.741947938966465e-11
0.4480000000000003 2.630977544906672e-11
0.4490000000000003 2.5243867633862795e-11
0.4500000000000003 2.4220237368355872e-11
0.4510000000000003 2.3237401355595754e-11
0.4520000000000003 2.2293912097596343e-11
0.4530000000000003 2.13883582807994e-11
0.4540000000000003 2.0519365037103218e-11
0.4550000000000003 1.9685594090277692e-11
0.4560000000000003 1.8885743797104126e-11
0.4570000000000003 1.8118549092098665e-11
0.4580000000000003 1.738278134421667e-11
0.4590000000000003 1.6677248133476354e-11
0.4600000000000003 1.6000792954998927e-11
0.4610000000000003 1.5352294857535026e-11
0.4620000000000003 1.473066802312684e-11
0.4630000000000003 1.4134861294158336e-11
0.4640000000000003 1.3563857653653875e-11
0.4650000000000003 1.3016673664314782e-11
0.4660000000000003 1.2492358871425721e-11
0.4670000000000003 1.1989995174416612e-11
0.4680000000000003 1.1508696171539361e-11
0.4690000000000003 1.1047606481802635e-11
0.4700000000000003 1.0605901048010456e-11
0.4710000000000003 1.0182784424462232e-11
0.4720000000000003 9.777490052603012e-12
0.4730000000000003 9.389279527653025e-12
0.4740000000000003 9.017441859004139e-12
0.4750000000000003 8.661292726935911e-12
0.4760000000000003 8.320173737990414e-12
0.4770000000000003 7.993451681134204e-12
0.4780000000000003 7.680517786646178e-12
0.4790000000000003 7.380786989483862e-12
0.4800000000000003 7.093697198711625e-12
0.4810000000000003 6.818708574412572e-12
0.4820000000000003 6.555302813355887e-12
0.4830000000000003 6.3029824445499425e-12
0.4840000000000003 6.061270135680843e-12
0.4850000000000003 5.8297080113133955e-12
0.4860000000000003 5.607856983617819e-12
0.4870000000000003 5.395296096279722e-12
0.4880000000000003 5.191621882152968e-12
0.4890000000000003 4.996447735124148e-12
0.4900000000000003 4.8094032965745106e-12
0.4910000000000003 4.630133856746803e-12
0.4920000000000003 4.4582997712551215e-12
0.4930000000000003 4.293575892909286e-12
0.4940000000000003 4.135651018967435e-12
0.49500000000000033 3.9842273538745135e-12
0.49600000000000033 3.839019987496554e-12
0.49700000000000033 3.699756388814785e-12
0.49800000000000033 3.566175915003514e-12
0.49900000000000033 3.438029335779211e-12
