0.1 -5.583838369515891e-11
0.101 -2.333906424972323e-10
0.10200000000000001 -6.604922202256347e-10
0.10300000000000001 -1.305123444514898e-09
0.10400000000000001 -1.979686605081418e-09
0.10500000000000001 -2.4289325467074504e-09
0.10600000000000001 -2.472592772824526e-09
0.10700000000000001 -2.104349005389881e-09
0.10800000000000001 -1.4844454453232614e-09
0.10900000000000001 -8.413379736773945e-10
0.11000000000000001 -3.5452113792197356e-10
0.11100000000000002 -8.880805296896428e-11
0.11200000000000002 -3.395237511892761e-12
0.11300000000000002 -9.49440230273102e-12
0.11400000000000002 -3.082133894406407e-11
0.11500000000000002 -3.4543847304379914e-11
0.11600000000000002 -2.7289993724373465e-11
0.11700000000000002 -3.101383380678124e-11
0.11800000000000002 -5.852304291481092e-11
0.11900000000000002 -1.0189755780979544e-10
0.12000000000000002 -1.3680988538354302e-10
0.12100000000000002 -1.376933743795994e-10
0.12200000000000003 -9.48401403591618e-11
0.12300000000000003 -2.4678692414910445e-11
0.12400000000000003 3.21401730073017e-11
0.12500000000000003 2.484681781692184e-11
0.12600000000000003 -8.662798783035932e-11
0.12700000000000003 -3.128722772667079e-10
0.12800000000000003 -6.264793421195286e-10
0.12900000000000003 -9.67791287580704e-10
0.13000000000000003 -1.262866226098404e-09
0.13100000000000003 -1.446626964874439e-09
0.13200000000000003 -1.4823670342262787e-09
0.13300000000000003 -1.3707946562947173e-09
0.13400000000000004 -1.1463762621098474e-09
0.13500000000000004 -8.636894110745929e-10
0.13600000000000004 -5.797418474937367e-10
0.13700000000000004 -3.3871998541393455e-10
0.13800000000000004 -1.6365534012190572e-10
0.13900000000000004 -5.6248332294015125e-11
0.14000000000000004 -3.0387865167802338e-12
0.14100000000000004 1.564503319044507e-11
0.14200000000000004 1.7625220648124594e-11
0.14300000000000004 1.4144258906555454e-11
0.14400000000000004 9.116198073918699e-12
0.14500000000000005 1.4285841866300228e-12
0.14600000000000005 -1.1483978854247391e-11
0.14700000000000005 -3.056298591048692e-11
0.14800000000000005 -5.365719819146755e-11
0.14900000000000005 -7.586383795405817e-11
0.15000000000000005 -9.111096093975299e-11
0.15100000000000005 -9.403001384312333e-11
0.15200000000000005 -8.123004640395118e-11
0.15300000000000005 -5.147932533189718e-11
0.15400000000000005 -4.821184095075628e-12
0.15500000000000005 5.890938936095132e-11
0.15600000000000006 1.4148566521397228e-10
0.15700000000000006 2.4697314788107723e-10
0.15800000000000006 3.813320257989986e-10
0.15900000000000006 5.509455319913014e-10
0.16000000000000006 7.604343426537318e-10
0.16100000000000006 1.0103466254590684e-09
0.16200000000000006 1.2953655766689646e-09
0.16300000000000006 1.6035528045576436e-09
0.16400000000000006 1.9168944531090602e-09
0.16500000000000006 2.2131117660756743e-09
0.16600000000000006 2.4684169614940935e-09
0.16700000000000007 2.6607013269956218e-09
0.16800000000000007 2.7725701160363083e-09
0.16900000000000007 2.7936915998095874e-09
0.17000000000000007 2.7220818177987736e-09
0.17100000000000007 2.5641605996431433e-09
0.17200000000000007 2.333640239201665e-09
0.17300000000000007 2.04950190042766e-09
0.17400000000000007 1.73344461330817e-09
0.17500000000000007 1.4072419630334095e-09
0.17600000000000007 1.0904131698665137e-09
0.17700000000000007 7.985227743919421e-10
0.17800000000000007 5.422900789813674e-10
0.17900000000000008 3.275427954053471e-10
0.18000000000000008 1.5591432667334268e-10
0.18100000000000008 2.6080572150874396e-11
0.18200000000000008 -6.472789984392616e-11
0.18300000000000008 -1.1921542157479237e-10
0.18400000000000008 -1.3875952267762252e-10
0.18500000000000008 -1.2258153628770837e-10
0.18600000000000008 -6.744964177750423e-11
0.18700000000000008 3.2074820053962274e-11
0.18800000000000008 1.8291899402248153e-10
0.18900000000000008 3.924439087506151e-10
0.19000000000000009 6.672298649994435e-10
0.1910000000000001 1.0118918045098185e-09
0.1920000000000001 1.4281028177021804e-09
0.1930000000000001 1.9139706525483002e-09
0.1940000000000001 2.4638634937296063e-09
0.1950000000000001 3.068724564994198e-09
0.1960000000000001 3.7168574686521766e-09
0.1970000000000001 4.395112023899425e-09
0.1980000000000001 5.090358730130845e-09
0.1990000000000001 5.791112176040938e-09
0.2000000000000001 6.4891512415365176e-09
0.2010000000000001 7.180986597676059e-09
0.2020000000000001 7.869042166119886e-09
0.2030000000000001 8.562444151726386e-09
0.2040000000000001 9.277345648659755e-09
0.2050000000000001 1.0036753025444428e-08
0.2060000000000001 1.086985880735201e-08
0.2070000000000001 1.1810921481844319e-08
0.2080000000000001 1.2897763045843987e-08
0.2090000000000001 1.4169978409179892e-08
0.2100000000000001 1.5666965948380846e-08
0.2110000000000001 1.7425895285157238e-08
0.2120000000000001 1.9479727109952664e-08
0.2130000000000001 2.1855391475672e-08
0.2140000000000001 2.457221672760507e-08
0.2150000000000001 2.7640682626611867e-08
0.2160000000000001 3.1061549873631644e-08
0.2170000000000001 3.482539573540971e-08
0.2180000000000001 3.891256325493366e-08
0.2190000000000001 4.3293510850203305e-08
0.2200000000000001 4.792953095196639e-08
0.2210000000000001 5.27737914163572e-08
0.22200000000000011 5.777264220341651e-08
0.22300000000000011 6.286712240478375e-08
0.22400000000000012 6.79945990673201e-08
0.22500000000000012 7.309046913405124e-08
0.22600000000000012 7.808985879951941e-08
0.22700000000000012 8.292926013954991e-08
0.22800000000000012 8.754805245135613e-08
0.22900000000000012 9.188986473475829e-08
0.23000000000000012 9.590374557830796e-08
0.23100000000000012 9.954511684698598e-08
0.23200000000000012 1.0277649752360703e-07
0.23300000000000012 1.055679934339456e-07
0.23400000000000012 1.0789755706798596e-07
0.23500000000000013 1.0975102906516271e-07
0.23600000000000013 1.1112197901019428e-07
0.23700000000000013 1.1201136791554405e-07
0.23800000000000013 1.124270581410898e-07
0.23900000000000013 1.1238319857270387e-07
0.24000000000000013 1.1189951374616718e-07
0.24100000000000013 1.110005253922073e-07
0.24200000000000013 1.0971473374613367e-07
0.24300000000000013 1.0807378407855604e-07
0.24400000000000013 1.0611164143229029e-07
0.24500000000000013 1.038637936617006e-07
0.24600000000000014 1.0136649972160607e-07
0.24700000000000014 9.865609688607764e-08
0.24800000000000014 9.576837731830613e-08
0.24900000000000014 9.273804126711434e-08
0.2500000000000001 8.959823121907354e-08
0.2510000000000001 8.638014865325325e-08
0.2520000000000001 8.311275267482475e-08
0.2530000000000001 7.982253777264114e-08
0.2540000000000001 7.653338626786572e-08
0.2550000000000001 7.326648969483826e-08
0.2560000000000001 7.004033237010415e-08
0.2570000000000001 6.687072973978293e-08
0.2580000000000001 6.37709137217202e-08
0.2590000000000001 6.075165714466629e-08
0.2600000000000001 5.782142949679363e-08
0.2610000000000001 5.498657649370599e-08
0.2620000000000001 5.2251516425298024e-08
0.2630000000000001 4.961894680630463e-08
0.2640000000000001 4.7090055504185696e-08
0.2650000000000001 4.466473122003266e-08
0.2660000000000001 4.2341768926581565e-08
0.2670000000000001 4.011906659890364e-08
0.2680000000000001 3.799381028823906e-08
0.26900000000000013 3.59626452716875e-08
0.27000000000000013 3.402183164751446e-08
0.27100000000000013 3.2167383328300215e-08
0.27200000000000013 3.039518990575224e-08
0.27300000000000013 2.870112131795076e-08
0.27400000000000013 2.708111564072873e-08
0.27500000000000013 2.553125065035399e-08
0.27600000000000013 2.4047800066809655e-08
0.27700000000000014 2.262727558922931e-08
0.27800000000000014 2.1266455981817693e-08
0.27900000000000014 1.9962404564955713e-08
0.28000000000000014 1.871247651772046e-08
0.28100000000000014 1.7514317410425975e-08
0.28200000000000014 1.6365854364843536e-08
0.28300000000000014 1.5265281191098827e-08
0.28400000000000014 1.4211038779303023e-08
0.28500000000000014 1.3201791935799596e-08
0.28600000000000014 1.2236403753168745e-08
0.28700000000000014 1.1313908494019354e-08
0.28800000000000014 1.0433483854832663e-08
0.28900000000000015 9.594423360921366e-09
0.29000000000000015 8.796109529687276e-09
0.29100000000000015 8.037988329050712e-09
0.29200000000000015 7.319545353014541e-09
0.29300000000000015 6.640284038240335e-09
0.29400000000000015 5.999706155252121e-09
0.29500000000000015 5.3972947261888185e-09
0.29600000000000015 4.832499448249726e-09
0.29700000000000015 4.304724638296468e-09
0.29800000000000015 3.813319659401288e-09
0.29900000000000015 3.3575717442065124e-09
0.30000000000000016 2.936701092399393e-09
0.30100000000000016 2.549858089889783e-09
0.30200000000000016 2.1961224748202955e-09
0.30300000000000016 1.8745042596906866e-09
0.30400000000000016 1.583946208962187e-09
0.30500000000000016 1.3233276668333036e-09
0.30600000000000016 1.091469529748828e-09
0.30700000000000016 8.871401619604429e-10
0.30800000000000016 7.090620594461362e-10
0.30900000000000016 5.55919077114363e-10
0.31000000000000016 4.2636404590591563e-10
0.31100000000000017 3.190266196439606e-10
0.31200000000000017 2.325212058033825e-10
0.31300000000000017 1.654548493627915e-10
0.31400000000000017 1.1643495419978357e-10
0.31500000000000017 8.407674177853573e-11
0.31600000000000017 6.701036189114555e-11
0.31700000000000017 6.388758473338991e-11
0.31800000000000017 7.33880174330623e-11
0.3190000000000002 9.42248011775911e-11
0.3200000000000002 1.2514975719032153e-10
0.3210000000000002 1.6495796091434622e-10
0.3220000000000002 2.1249173383455846e-10
0.3230000000000002 2.666440513763537e-10
0.3240000000000002 3.26361373269699e-10
0.3250000000000002 3.906459096713512e-10
0.3260000000000002 4.5855734223470955e-10
0.3270000000000002 5.292140242435669e-10
0.3280000000000002 6.017936879421614e-10
0.3290000000000002 6.75533690355086e-10
0.3300000000000002 7.49730831266225e-10
0.3310000000000002 8.237407786797025e-10
0.3320000000000002 8.969771380904861e-10
0.3330000000000002 9.689102023178438e-10
0.3340000000000002 1.039065418566045e-09
0.3350000000000002 1.1070216088457233e-09
0.3360000000000002 1.172408978975458e-09
0.3370000000000002 1.2349069501491809e-09
0.3380000000000002 1.2942418455581322e-09
0.3390000000000002 1.3501844628471859e-09
0.3400000000000002 1.4025475613144013e-09
0.3410000000000002 1.4511832907742325e-09
0.3420000000000002 1.4959805869359772e-09
0.3430000000000002 1.5368625560383297e-09
0.3440000000000002 1.5737838693573104e-09
0.3450000000000002 1.606728186096645e-09
0.3460000000000002 1.6357056210993008e-09
0.3470000000000002 1.6607502718062329e-09
0.3480000000000002 1.6819178169511257e-09
0.3490000000000002 1.6992831976281143e-09
0.3500000000000002 1.7129383896168937e-09
0.3510000000000002 1.7229902742013798e-09
0.3520000000000002 1.7295586131818619e-09
0.3530000000000002 1.7327741323566725e-09
0.3540000000000002 1.7327767164434482e-09
0.3550000000000002 1.729713717218239e-09
0.3560000000000002 1.7237383755735044e-09
0.3570000000000002 1.7150083572317623e-09
0.3580000000000002 1.7036844009938166e-09
0.3590000000000002 1.6899290776488839e-09
0.3600000000000002 1.6739056570195896e-09
0.3610000000000002 1.6557770800559843e-09
0.3620000000000002 1.6357050324210372e-09
0.3630000000000002 1.613849115620851e-09
0.3640000000000002 1.5903661114205822e-09
0.3650000000000002 1.5654093350438184e-09
0.3660000000000002 1.5391280724749617e-09
0.3670000000000002 1.5116670970637933e-09
0.3680000000000002 1.483166260563447e-09
0.3690000000000002 1.4537601537117906e-09
0.3700000000000002 1.4235778314867978e-09
0.3710000000000002 1.3927425982231024e-09
0.3720000000000002 1.3613718478651256e-09
0.3730000000000002 1.3295769547480427e-09
0.3740000000000002 1.297463210435462e-09
0.3750000000000002 1.2651298023005015e-09
0.3760000000000002 1.2326698297094083e-09
0.3770000000000002 1.20017035385156e-09
0.3780000000000002 1.1677124774536926e-09
0.3790000000000002 1.1353714508164995e-09
0.3800000000000002 1.1032168008161833e-09
0.3810000000000002 1.0713124797196532e-09
0.38200000000000023 1.0397170308684195e-09
0.38300000000000023 1.0084837684906219e-09
0.38400000000000023 9.77660969102214e-10
0.38500000000000023 9.472920721551588e-10
0.38600000000000023 9.174158877823124e-10
0.38700000000000023 8.880668096739187e-10
0.38800000000000023 8.592750312991651e-10
0.38900000000000023 8.310667638569838e-10
0.39000000000000024 8.034644545033617e-10
0.39100000000000024 7.764870035569558e-10
0.39200000000000024 7.501499795311425e-10
0.39300000000000024 7.244658309781822e-10
0.39400000000000024 6.994440942603552e-10
0.39500000000000024 6.75091596483398e-10
0.39600000000000024 6.514126529396956e-10
0.39700000000000024 6.28409258512703e-10
0.39800000000000024 6.060812725897422e-10
0.39900000000000024 5.844265971185518e-10
0.40000000000000024 5.634413475234193e-10
0.40100000000000025 5.431200162702327e-10
0.40200000000000025 5.234556289361745e-10
0.40300000000000025 5.044398926998089e-10
0.40400000000000025 4.860633372211499e-10
0.40500000000000025 4.683154479290825e-10
0.40600000000000025 4.511847917761526e-10
0.40700000000000025 4.3465913555793963e-10
0.40800000000000025 4.187255569267551e-10
0.40900000000000025 4.0337054825757055e-10
0.41000000000000025 3.885801135478916e-10
0.41100000000000025 3.7433985855359655e-10
0.41200000000000025 3.6063507437926075e-10
0.41300000000000026 3.474508147550474e-10
0.41400000000000026 3.3477196724276224e-10
0.41500000000000026 3.225833186215355e-10
0.41600000000000026 3.108696147091314e-10
0.41700000000000026 2.996156148782705e-10
0.41800000000000026 2.8880614152876e-10
0.41900000000000026 2.7842612477596236e-10
0.42000000000000026 2.684606426144529e-10
0.42100000000000026 2.588949568124896e-10
0.42200000000000026 2.4971454478884156e-10
0.42300000000000026 2.409051277181896e-10
0.42400000000000027 2.324526951053173e-10
0.42500000000000027 2.243435260614989e-10
0.42600000000000027 2.1656420750919326e-10
0.42700000000000027 2.0910164953329593e-10
0.42800000000000027 2.0194309808899987e-10
0.42900000000000027 1.9507614526791434e-10
0.43000000000000027 1.8848873731536496e-10
0.43100000000000027 1.8216918058305893e-10
0.4320000000000003 1.7610614559246873e-10
0.4330000000000003 1.702886693754503e-10
0.4340000000000003 1.6470615624986774e-10
0.4350000000000003 1.5934837717930301e-10
0.4360000000000003 1.542054678574497e-10
0.4370000000000003 1.4926792564940658e-10
0.4380000000000003 1.445266055139739e-10
0.4390000000000003 1.3997271502311466e-10
0.4400000000000003 1.3559780858710936e-10
0.4410000000000003 1.3139378098649858e-10
0.4420000000000003 1.2735286030479047e-10
0.4430000000000003 1.2346760034908032e-10
0.4440000000000003 1.197308726391495e-10
0.4450000000000003 1.1613585803936621e-10
0.4460000000000003 1.126760381017547e-10
0.4470000000000003 1.0934518618290798e-10
0.4480000000000003 1.0613735839206906e-10
0.4490000000000003 1.0304688442261014e-10
0.4500000000000003 1.000683583143309e-10
0.4510000000000003 9.719662918949791e-11
0.4520000000000003 9.442679200127811e-11
0.4530000000000003 9.175417832924688e-11
0.4540000000000003 8.917434725291879e-11
0.4550000000000003 8.668307633077122e-11
0.4560000000000003 8.427635270898618e-11
0.4570000000000003 8.19503643811238e-11
0.4580000000000003 7.970149161714475e-11
0.4590000000000003 7.752629857761284e-11
0.4600000000000003 7.54215251265245e-11
0.4610000000000003 7.338407885401502e-11
0.4620000000000003 7.141102731816765e-11
0.4630000000000003 6.94995905133185e-11
0.4640000000000003 6.764713357054856e-11
0.4650000000000003 6.585115969452783e-11
0.4660000000000003 6.41093033394876e-11
0.4670000000000003 6.241932362582786e-11
0.4680000000000003 6.077909799774352e-11
0.4690000000000003 5.918661612123256e-11
0.4700000000000003 5.763997402094594e-11
0.4710000000000003 5.6137368453528466e-11
0.4720000000000003 5.4677091514399777e-11
0.4730000000000003 5.325752547428928e-11
0.4740000000000003 5.187713784131333e-11
0.4750000000000003 5.053447664389922e-11
0.4760000000000003 4.92281659294805e-11
0.4770000000000003 4.7956901473540605e-11
0.4780000000000003 4.671944669331474e-11
0.4790000000000003 4.551462876023415e-11
0.4800000000000003 4.434133490501952e-11
0.4810000000000003 4.3198508909207017e-11
0.4820000000000003 4.208514777679507e-11
0.4830000000000003 4.1000298579644124e-11
0.4840000000000003 3.99430554702459e-11
0.4850000000000003 3.8912556855477156e-11
0.4860000000000003 3.790798272499247e-11
0.4870000000000003 3.692855212796243e-11
0.4880000000000003 3.59735207919398e-11
0.4890000000000003 3.504217887772925e-11
0.4900000000000003 3.413384886424801e-11
0.4910000000000003 3.324788355747978e-11
0.4920000000000003 3.2383664217767676e-11
0.4930000000000003 3.154059879982304e-11
0.4940000000000003 3.07181202999891e-11
0.49500000000000033 2.9915685205445785e-11
0.49600000000000033 2.9132772040210624e-11
0.49700000000000033 2.8368880002953517e-11
0.49800000000000033 2.762352769181212e-11
0.49900000000000033 2.689625191156456e-11
