0.1 9.556474337678438e-12
0.101 -6.220993065234238e-11
0.10200000000000001 -1.193862140256569e-10
0.10300000000000001 -9.170181123377545e-11
0.10400000000000001 5.1484602927256936e-11
0.10500000000000001 2.7076866804036804e-10
0.10600000000000001 4.746027150535274e-10
0.10700000000000001 5.733490640453954e-10
0.10800000000000001 5.311831485870689e-10
0.10900000000000001 3.817020551054526e-10
0.11000000000000001 2.0137431332964711e-10
0.11100000000000002 6.332349391880737e-11
0.11200000000000002 2.2431577465231965e-12
0.11300000000000002 7.906610098932828e-12
0.11400000000000002 4.3662515809587966e-11
0.11500000000000002 7.298304450340922e-11
0.11600000000000002 7.754185297613885e-11
0.11700000000000002 5.995449260430153e-11
0.11800000000000002 3.4657032894228066e-11
0.11900000000000002 1.5514427371155498e-11
0.12000000000000002 7.800463795611381e-12
0.12100000000000002 7.79933774311477e-12
0.12200000000000003 8.670890969796742e-12
0.12300000000000003 8.423963034962592e-12
0.12400000000000003 1.540925039995955e-11
0.12500000000000003 4.826703833991774e-11
0.12600000000000003 1.2988606308022798e-10
0.12700000000000003 2.776107251581257e-10
0.12800000000000003 4.936716362890216e-10
0.12900000000000003 7.599313600454917e-10
0.13000000000000003 1.0394716427101344e-09
0.13100000000000003 1.2849334257731764e-09
0.13200000000000003 1.4509353450330223e-09
0.13300000000000003 1.5063870939195119e-09
0.13400000000000004 1.4426360540742143e-09
0.13500000000000004 1.2749927346331e-09
0.13600000000000004 1.0375476592154133e-09
0.13700000000000004 7.733756954980527e-10
0.13800000000000004 5.234652301873461e-10
0.13900000000000004 3.1770245474269883e-10
0.14000000000000004 1.7017195183243542e-10
0.14100000000000004 7.942748220477431e-11
0.14200000000000004 3.285102612597508e-11
0.14300000000000004 1.3220105464479243e-11
0.14400000000000004 5.339279906922154e-12
0.14500000000000005 9.83839110982214e-13
0.14600000000000005 1.191061835365593e-12
0.14700000000000005 1.5800857776851064e-11
0.14800000000000005 6.083445120810527e-11
0.14900000000000005 1.5466926382525663e-10
0.15000000000000005 3.140110686881898e-10
0.15100000000000005 5.504654348489121e-10
0.15200000000000005 8.681946415968874e-10
0.15300000000000005 1.2628298934887583e-09
0.15400000000000005 1.721567932716978e-09
0.15500000000000005 2.2242430357129645e-09
0.15600000000000006 2.7451169520743295e-09
0.15700000000000006 3.255136357552251e-09
0.15800000000000006 3.7244335972917603e-09
0.15900000000000006 4.124867200369175e-09
0.16000000000000006 4.432405984355603e-09
0.16100000000000006 4.629161212190396e-09
0.16200000000000006 4.70487948983569e-09
0.16300000000000006 4.657738704041928e-09
0.16400000000000006 4.494347314586331e-09
0.16500000000000006 4.228931061606784e-09
0.16600000000000006 3.881788971889332e-09
0.16700000000000007 3.4771952698848856e-09
0.16800000000000007 3.0409974681414114e-09
0.16900000000000007 2.598199346486946e-09
0.17000000000000007 2.1708135106369406e-09
0.17100000000000007 1.7762227460134005e-09
0.17200000000000007 1.4262109717327922e-09
0.17300000000000007 1.1267270964232847e-09
0.17400000000000007 8.783446332572731e-10
0.17500000000000007 6.772919117569372e-10
0.17600000000000007 5.168641511121797e-10
0.17700000000000007 3.889965893709229e-10
0.17800000000000007 2.857788351820369e-10
0.17900000000000008 2.0072109566649473e-10
0.18000000000000008 1.2963553736264434e-10
0.18100000000000008 7.106111297918376e-11
0.18200000000000008 2.622756027387131e-11
0.18300000000000008 -1.3852311012127374e-12
0.18400000000000008 -6.789738416039516e-12
0.18500000000000008 1.5595866965484375e-11
0.18600000000000008 7.10034222795472e-11
0.18700000000000008 1.6346984761718368e-10
0.18800000000000008 2.951975800709995e-10
0.18900000000000008 4.661918867188586e-10
0.19000000000000009 6.742072812593661e-10
0.1910000000000001 9.149962699877061e-10
0.1920000000000001 1.182819320763328e-09
0.1930000000000001 1.4711485211515676e-09
0.1940000000000001 1.7734807846832292e-09
0.1950000000000001 2.0841702674709515e-09
0.1960000000000001 2.3991932814067e-09
0.1970000000000001 2.7167709137988762e-09
0.1980000000000001 3.037792639397197e-09
0.1990000000000001 3.366005983054586e-09
0.2000000000000001 3.7079602875787993e-09
0.2010000000000001 4.0727146165213655e-09
0.2020000000000001 4.471338935520005e-09
0.2030000000000001 4.916252640449233e-09
0.2040000000000001 5.42045446036251e-09
0.2050000000000001 5.996702516360684e-09
0.2060000000000001 6.65670309292952e-09
0.2070000000000001 7.410362081099575e-09
0.2080000000000001 8.265144954236343e-09
0.2090000000000001 9.22558056106267e-09
0.2100000000000001 1.0292932036587156e-08
0.2110000000000001 1.146504576487878e-08
0.2120000000000001 1.2736377486401795e-08
0.2130000000000001 1.4098184068919492e-08
0.2140000000000001 1.55388607024568e-08
0.2150000000000001 1.7044396680275444e-08
0.2160000000000001 1.8598918639499827e-08
0.2170000000000001 2.0185288133245212e-08
0.2180000000000001 2.1785720523106734e-08
0.2190000000000001 2.338239413897925e-08
0.2200000000000001 2.4958022101028873e-08
0.2210000000000001 2.6496363745309162e-08
0.22200000000000011 2.798265784087458e-08
0.22300000000000011 2.9403965350729118e-08
0.22400000000000012 3.0749415027910374e-08
0.22500000000000012 3.201035036015326e-08
0.22600000000000012 3.318038105120093e-08
0.22700000000000012 3.4255346187442994e-08
0.22800000000000012 3.523319938156769e-08
0.22900000000000012 3.611382846529259e-08
0.23000000000000012 3.6898823727000694e-08
0.23100000000000012 3.7591209306182405e-08
0.23200000000000012 3.8195152246412e-08
0.23300000000000012 3.871566297739945e-08
0.23400000000000012 3.915829976331059e-08
0.23500000000000013 3.952888804414918e-08
0.23600000000000013 3.9833263732920296e-08
0.23700000000000013 4.0077047530111355e-08
0.23800000000000013 4.0265455283614364e-08
0.23900000000000013 4.040314744693027e-08
0.24000000000000013 4.04941188453945e-08
0.24100000000000013 4.0541628306268685e-08
0.24200000000000013 4.0548166284018366e-08
0.24300000000000013 4.0515457441511e-08
0.24400000000000013 4.044449424135381e-08
0.24500000000000013 4.0335596957077504e-08
0.24600000000000014 4.01884951191055e-08
0.24700000000000014 4.0002425245079364e-08
0.24800000000000014 3.977623974204363e-08
0.24900000000000014 3.9508522079305584e-08
0.2500000000000001 3.919770368349344e-08
0.2510000000000001 3.884217846915048e-08
0.2520000000000001 3.8440411457717746e-08
0.2530000000000001 3.799103852547357e-08
0.2540000000000001 3.7492954930337336e-08
0.2550000000000001 3.694539087491633e-08
0.2560000000000001 3.634797294912391e-08
0.2570000000000001 3.570077084401665e-08
0.2580000000000001 3.500432922691904e-08
0.2590000000000001 3.425968510761661e-08
0.2600000000000001 3.3468371400847074e-08
0.2610000000000001 3.263240769891328e-08
0.2620000000000001 3.175427950986321e-08
0.2630000000000001 3.083690739336716e-08
0.2640000000000001 2.988360754190634e-08
0.2650000000000001 2.8898045414222067e-08
0.2660000000000001 2.7884184037134787e-08
0.2670000000000001 2.6846228557418242e-08
0.2680000000000001 2.5788568554280356e-08
0.26900000000000013 2.471571952206154e-08
0.27000000000000013 2.363226480877088e-08
0.27100000000000013 2.254279915538617e-08
0.27200000000000013 2.1451874829386682e-08
0.27300000000000013 2.0363951189048632e-08
0.27400000000000013 1.9283348357317275e-08
0.27500000000000013 1.8214205529586207e-08
0.27600000000000013 1.716044429178551e-08
0.27700000000000014 1.612573718650506e-08
0.27800000000000014 1.511348163748961e-08
0.27900000000000014 1.4126779228200376e-08
0.28000000000000014 1.3168420229203718e-08
0.28100000000000014 1.2240873182345331e-08
0.28200000000000014 1.1346279277091182e-08
0.28300000000000014 1.0486451195742627e-08
0.28400000000000014 9.662876058909557e-09
0.28500000000000014 8.876722069834377e-09
0.28600000000000014 8.128848434941372e-09
0.28700000000000014 7.419818127245119e-09
0.28800000000000014 6.749913057821525e-09
0.28900000000000015 6.119151227222061e-09
0.29000000000000015 5.527305442298239e-09
0.29100000000000015 4.973923203213352e-09
0.29200000000000015 4.458347389323181e-09
0.29300000000000015 3.97973740005465e-09
0.29400000000000015 3.5370904368965525e-09
0.29500000000000015 3.1292626442748998e-09
0.29600000000000015 2.75498985958937e-09
0.29700000000000015 2.412907755356582e-09
0.29800000000000015 2.101571188628275e-09
0.29900000000000015 1.8194726041159334e-09
0.30000000000000016 1.565059367348084e-09
0.30100000000000016 1.336749932372601e-09
0.30200000000000016 1.132948774744882e-09
0.30300000000000016 9.520600446306374e-10
0.30400000000000016 7.924999166836514e-10
0.30500000000000016 6.527076328764323e-10
0.30600000000000016 5.311552516505355e-10
0.30700000000000016 4.263561316533956e-10
0.30800000000000016 3.368721910012936e-10
0.30900000000000016 2.613199935524419e-10
0.31000000000000016 1.9837572220944148e-10
0.31100000000000017 1.4677910593099452e-10
0.31200000000000017 1.0533637206661201e-10
0.31300000000000017 7.29222989904754e-11
0.31400000000000017 4.8481445960238085e-11
0.31500000000000017 3.102863782151934e-11
0.31600000000000017 1.9648781775941823e-11
0.31700000000000017 1.3496092082241933e-11
0.31800000000000017 1.1792796408076516e-11
0.3190000000000002 1.3827394735559946e-11
0.3200000000000002 1.895253837010563e-11
0.3210000000000002 2.65825928291202e-11
0.3220000000000002 3.619094430238943e-11
0.3230000000000002 4.730710507442367e-11
0.3240000000000002 5.951366886912606e-11
0.3250000000000002 7.244316259289223e-11
0.3260000000000002 8.577483648150797e-11
0.3270000000000002 9.923143025370877e-11
0.3280000000000002 1.1257594858933067e-10
0.3290000000000002 1.2560847512031264e-10
0.3300000000000002 1.3816305018150137e-10
0.3310000000000002 1.501046338381504e-10
0.3320000000000002 1.613261722077669e-10
0.3330000000000002 1.7174578183745142e-10
0.3340000000000002 1.813040638912765e-10
0.3350000000000002 1.899615571494087e-10
0.3360000000000002 1.9769633632043964e-10
0.3370000000000002 2.0450175991684405e-10
0.3380000000000002 2.1038436993444664e-10
0.3390000000000002 2.15361943801106e-10
0.3400000000000002 2.194616975071947e-10
0.3410000000000002 2.2271863748918292e-10
0.3420000000000002 2.251740576944979e-10
0.3430000000000002 2.2687417729757441e-10
0.3440000000000002 2.278689137498952e-10
0.3450000000000002 2.2821078521636138e-10
0.3460000000000002 2.2795393596296216e-10
0.3470000000000002 2.2715327790232923e-10
0.3480000000000002 2.2586374126149176e-10
0.3490000000000002 2.2413962719637933e-10
0.3500000000000002 2.2203405512878112e-10
0.3510000000000002 2.1959849761139925e-10
0.3520000000000002 2.1688239562483838e-10
0.3530000000000002 2.1393284736606958e-10
0.3540000000000002 2.1079436379240702e-10
0.3550000000000002 2.0750868442908302e-10
0.3560000000000002 2.0411464722426702e-10
0.3570000000000002 2.0064810653621045e-10
0.3580000000000002 1.9714189365578272e-10
0.3590000000000002 1.9362581459916412e-10
0.3600000000000002 1.9012668024403916e-10
0.3610000000000002 1.8666836422439598e-10
0.3620000000000002 1.8327188433974785e-10
0.3630000000000002 1.799555035710333e-10
0.3640000000000002 1.767348471250618e-10
0.3650000000000002 1.7362303224921066e-10
0.3660000000000002 1.706308078669553e-10
0.3670000000000002 1.6776670138060933e-10
0.3680000000000002 1.650371702694755e-10
0.3690000000000002 1.624467563784731e-10
0.3700000000000002 1.5999824104372332e-10
0.3710000000000002 1.5769279943702577e-10
0.3720000000000002 1.5553015273058772e-10
0.3730000000000002 1.535087168869615e-10
0.3740000000000002 1.516257470666758e-10
0.3750000000000002 1.4987747681837498e-10
0.3760000000000002 1.48259251373489e-10
0.3770000000000002 1.4676565451010136e-10
0.3780000000000002 1.453906285795142e-10
0.3790000000000002 1.4412758740461277e-10
0.3800000000000002 1.4296952186211038e-10
0.3810000000000002 1.4190909805194455e-10
0.38200000000000023 1.409387480372123e-10
0.38300000000000023 1.400507532077463e-10
0.38400000000000023 1.392373203806296e-10
0.38500000000000023 1.3849065080213935e-10
0.38600000000000023 1.3780300225876468e-10
0.38700000000000023 1.3716674454055998e-10
0.38800000000000023 1.365744085289489e-10
0.38900000000000023 1.3601872920376353e-10
0.39000000000000024 1.3549268288148236e-10
0.39100000000000024 1.3498951900880312e-10
0.39200000000000024 1.3450278684348227e-10
0.39300000000000024 1.340263573582657e-10
0.39400000000000024 1.33554440704186e-10
0.39500000000000024 1.3308159956702814e-10
0.39600000000000024 1.3260275874568697e-10
0.39700000000000024 1.321132112739334e-10
0.39800000000000024 1.3160862139801167e-10
0.39900000000000024 1.3108502471194684e-10
0.40000000000000024 1.3053882574061439e-10
0.40100000000000025 1.2996679324789426e-10
0.40200000000000025 1.29366053533719e-10
0.40300000000000025 1.2873408196983026e-10
0.40400000000000025 1.2806869300972229e-10
0.40500000000000025 1.2736802889371204e-10
0.40600000000000025 1.2663054725557466e-10
0.40700000000000025 1.258550078227188e-10
0.40800000000000025 1.2504045838763936e-10
0.40900000000000025 1.2418622021447325e-10
0.41000000000000025 1.2329187303088014e-10
0.41100000000000025 1.2235723974237934e-10
0.41200000000000025 1.2138237099360507e-10
0.41300000000000026 1.2036752968883774e-10
0.41400000000000026 1.1931317557263814e-10
0.41500000000000026 1.1821994996039378e-10
0.41600000000000026 1.170886606982576e-10
0.41700000000000026 1.1592026742215518e-10
0.41800000000000026 1.1471586717639027e-10
0.41900000000000026 1.1347668044379159e-10
0.42000000000000026 1.1220403763140528e-10
0.42100000000000026 1.1089936604830701e-10
0.42200000000000026 1.0956417740533257e-10
0.42300000000000026 1.0820005586022319e-10
0.42400000000000027 1.0680864662595715e-10
0.42500000000000027 1.0539164515481382e-10
0.42600000000000027 1.0395078690596981e-10
0.42700000000000027 1.0248783770015609e-10
0.42800000000000027 1.0100458466106308e-10
0.42900000000000027 9.950282773976948e-11
0.43000000000000027 9.798437181543572e-11
0.43100000000000027 9.645101936284651e-11
0.4320000000000003 9.490456367506729e-11
0.4330000000000003 9.334678262747934e-11
0.4340000000000003 9.177943296776548e-11
0.4350000000000003 9.020424511497483e-11
0.4360000000000003 8.862291844963817e-11
0.4370000000000003 8.7037117075947e-11
0.4380000000000003 8.544846603628722e-11
0.4390000000000003 8.385854795786724e-11
0.4400000000000003 8.226890011083146e-11
0.4410000000000003 8.068101185702708e-11
0.4420000000000003 7.909632246852748e-11
0.4430000000000003 7.751621929508862e-11
0.4440000000000003 7.59420362598635e-11
0.4450000000000003 7.437505266298487e-11
0.4460000000000003 7.281649227297429e-11
0.4470000000000003 7.126752268636519e-11
0.4480000000000003 6.972925493642002e-11
0.4490000000000003 6.820274333237002e-11
0.4500000000000003 6.668898551118895e-11
0.4510000000000003 6.518892268455315e-11
0.4520000000000003 6.370344006428132e-11
0.4530000000000003 6.223336745023571e-11
0.4540000000000003 6.07794799653553e-11
0.4550000000000003 5.934249892319671e-11
0.4560000000000003 5.7923092814068294e-11
0.4570000000000003 5.652187839655e-11
0.4580000000000003 5.513942188189982e-11
0.4590000000000003 5.377624019954493e-11
0.4600000000000003 5.243280233254703e-11
0.4610000000000003 5.11095307126067e-11
0.4620000000000003 4.9806802664828965e-11
0.4630000000000003 4.8524951893127573e-11
0.4640000000000003 4.726426999775837e-11
0.4650000000000003 4.6025008017086006e-11
0.4660000000000003 4.4807377986274886e-11
0.4670000000000003 4.361155450615006e-11
0.4680000000000003 4.2437676316022686e-11
0.4690000000000003 4.128584786478805e-11
0.4700000000000003 4.015614087510085e-11
0.4710000000000003 3.9048595895900264e-11
0.4720000000000003 3.796322383901154e-11
0.4730000000000003 3.690000749596702e-11
0.4740000000000003 3.58589030316015e-11
0.4750000000000003 3.483984145134607e-11
0.4760000000000003 3.3842730039511835e-11
0.4770000000000003 3.286745376618285e-11
0.4780000000000003 3.191387666065764e-11
0.4790000000000003 3.0981843149672086e-11
0.4800000000000003 3.007117935890839e-11
0.4810000000000003 2.918169437655547e-11
0.4820000000000003 2.831318147792151e-11
0.4830000000000003 2.7465419310316847e-11
0.4840000000000003 2.6638173037634017e-11
0.4850000000000003 2.5831195444232877e-11
0.4860000000000003 2.504422799791488e-11
0.4870000000000003 2.42770018719256e-11
0.4880000000000003 2.3529238926067365e-11
0.4890000000000003 2.280065264713504e-11
0.4900000000000003 2.209094904900575e-11
0.4910000000000003 2.139982753281589e-11
0.4920000000000003 2.0726981707760122e-11
0.4930000000000003 2.0072100173122778e-11
0.4940000000000003 1.9434867262235137e-11
0.49500000000000033 1.8814963749111174e-11
0.49600000000000033 1.821206751857474e-11
0.49700000000000033 1.7625854200739486e-11
0.49800000000000033 1.7055997770743327e-11
0.49900000000000033 1.650217111467541e-11
