0.1 1.7190718851714447e-13
0.101 -5.868486655495619e-15
0.10200000000000001 -2.235448130625234e-13
0.10300000000000001 -1.8514441706620077e-13
0.10400000000000001 1.5965081346668461e-13
0.10500000000000001 5.099862412096219e-13
0.10600000000000001 5.5127811504807e-13
0.10700000000000001 3.0428892112784845e-13
0.10800000000000001 5.852173869971294e-14
0.10900000000000001 1.2408668966641001e-14
0.11000000000000001 8.328724279293097e-14
0.11100000000000002 8.509295666873754e-14
0.11200000000000002 6.789459581716162e-15
0.11300000000000002 4.066149765603016e-14
0.11400000000000002 3.432918114875242e-13
0.11500000000000002 8.202097171902544e-13
0.11600000000000002 1.1760264194379935e-12
0.11700000000000002 1.174738850790754e-12
0.11800000000000002 8.482077134604489e-13
0.11900000000000002 4.584055309713606e-13
0.12000000000000002 2.5817265260497155e-13
0.12100000000000002 2.7683969222416033e-13
0.12200000000000003 3.4197264032673365e-13
0.12300000000000003 3.677654505750102e-13
0.12400000000000003 7.330156392407688e-13
0.12500000000000003 2.474380883877967e-12
0.12600000000000003 7.092856809391165e-12
0.12700000000000003 1.597402610578261e-11
0.12800000000000003 2.9646150444147e-11
0.12900000000000003 4.7223019259942713e-11
0.13000000000000003 6.63302607277952e-11
0.13100000000000003 8.361301490045778e-11
0.13200000000000003 9.566705372134659e-11
0.13300000000000003 1.000487520565006e-10
0.13400000000000004 9.598737517318148e-11
0.13500000000000004 8.455237540046518e-11
0.13600000000000004 6.824991325760827e-11
0.13700000000000004 5.023368950502753e-11
0.13800000000000004 3.343041535563229e-11
0.13900000000000004 1.986798935253255e-11
0.14000000000000004 1.0380382262299869e-11
0.14100000000000004 4.708627041533418e-12
0.14200000000000004 1.886500690910494e-12
0.14300000000000004 7.336439354844102e-13
0.14400000000000004 2.8571230487852315e-13
0.14500000000000005 5.0592086174709894e-14
0.14600000000000005 5.866653700777089e-14
0.14700000000000005 7.429990753775745e-13
0.14800000000000005 2.723989226312591e-12
0.14900000000000005 6.579306172636331e-12
0.15000000000000005 1.266174509669402e-11
0.15100000000000005 2.0998082013845607e-11
0.15200000000000005 3.127312755884357e-11
0.15300000000000005 4.288268507963765e-11
0.15400000000000005 5.5029463330855375e-11
0.15500000000000005 6.683560320654027e-11
0.15600000000000006 7.745078239865996e-11
0.15700000000000006 8.614218867483019e-11
0.15800000000000006 9.235939210755861e-11
0.15900000000000006 9.577209615521455e-11
0.16000000000000006 9.628184613928392e-11
0.16100000000000006 9.401056660752629e-11
0.16200000000000006 8.926992502050945e-11
0.16300000000000006 8.251639083094004e-11
0.16400000000000006 7.429757301032462e-11
0.16500000000000006 6.519583834247886e-11
0.16600000000000006 5.577512545603694e-11
0.16700000000000007 4.6536137055293917e-11
0.16800000000000007 3.788373420382325e-11
0.16900000000000007 3.010855536466296e-11
0.17000000000000007 2.3382933340496434e-11
0.17100000000000007 1.776940695804738e-11
0.17200000000000007 1.3238790176276044e-11
0.17300000000000007 9.694030296775202e-12
0.17400000000000007 6.995992114640134e-12
0.17500000000000007 4.987763574663601e-12
0.17600000000000007 3.514927680482123e-12
0.17700000000000007 2.4402861724961147e-12
0.17800000000000007 1.65256076616363e-12
0.17900000000000008 1.0694842830252549e-12
0.18000000000000008 6.363300677944274e-13
0.18100000000000008 3.212768438640916e-13
0.18200000000000008 1.0908285966470008e-13
0.18300000000000008 -5.599670883248564e-15
0.18400000000000008 -2.422874443108824e-14
0.18500000000000008 5.0985085058755945e-14
0.18600000000000008 2.1411490257265215e-13
0.18700000000000008 4.542331441812512e-13
0.18800000000000008 7.555713568491899e-13
0.18900000000000008 1.0987435863595416e-12
0.19000000000000009 1.462595907285363e-12
0.1910000000000001 1.8262607520018445e-12
0.1920000000000001 2.1710633153716348e-12
0.1930000000000001 2.4820260936989964e-12
0.1940000000000001 2.7488261098160028e-12
0.1950000000000001 2.9661612132324457e-12
0.1960000000000001 3.1335657821898574e-12
0.1970000000000001 3.254776137822245e-12
0.1980000000000001 3.3367805049756474e-12
0.1990000000000001 3.388699420538243e-12
0.2000000000000001 3.420634408608808e-12
0.2010000000000001 3.4426009845630177e-12
0.2020000000000001 3.4636322844126602e-12
0.2030000000000001 3.491106986886654e-12
0.2040000000000001 3.5303238729731733e-12
0.2050000000000001 3.584318333903465e-12
0.2060000000000001 3.653895174031902e-12
0.2070000000000001 3.737837862675091e-12
0.2080000000000001 3.833246804128643e-12
0.2090000000000001 3.935957431709269e-12
0.2100000000000001 4.040991826539288e-12
0.2110000000000001 4.143003790685884e-12
0.2120000000000001 4.236685554947817e-12
0.2130000000000001 4.317113397725428e-12
0.2140000000000001 4.380018428843126e-12
0.2150000000000001 4.421976933316889e-12
0.2160000000000001 4.440521505240397e-12
0.2170000000000001 4.434179487027993e-12
0.2180000000000001 4.402448908435174e-12
0.2190000000000001 4.345724281514594e-12
0.2200000000000001 4.265185439775687e-12
0.2210000000000001 4.162662358037835e-12
0.22200000000000011 4.040487822472049e-12
0.22300000000000011 3.901348202210161e-12
0.22400000000000012 3.7481406446207615e-12
0.22500000000000012 3.5838429794541437e-12
0.22600000000000012 3.4114006336361272e-12
0.22700000000000012 3.233633046195653e-12
0.22800000000000012 3.0531605084679584e-12
0.22900000000000012 2.8723510793890185e-12
0.23000000000000012 2.6932862510240536e-12
0.23100000000000012 2.5177433545356026e-12
0.23200000000000012 2.347192274666519e-12
0.23300000000000012 2.182803844596522e-12
0.23400000000000012 2.0254672808517227e-12
0.23500000000000013 1.875814147040446e-12
0.23600000000000013 1.7342465648534117e-12
0.23700000000000013 1.6009676844453059e-12
0.23800000000000013 1.4760127527932028e-12
0.23900000000000013 1.3592794525747274e-12
0.24000000000000013 1.2505565060952664e-12
0.24100000000000013 1.1495498349123424e-12
0.24200000000000013 1.0559058270595342e-12
0.24300000000000013 9.69231485328064e-13
0.24400000000000013 8.891114104297317e-13
0.24500000000000013 8.151217131182292e-13
0.24600000000000014 7.468410523953486e-13
0.24700000000000014 6.838590668754408e-13
0.24800000000000014 6.257825079870804e-13
0.24900000000000014 5.722394019441514e-13
0.2500000000000001 5.228815672121239e-13
0.2510000000000001 4.773858000920202e-13
0.2520000000000001 4.354540171285203e-13
0.2530000000000001 3.9681261283572153e-13
0.2540000000000001 3.612112576488604e-13
0.2550000000000001 3.284213263861055e-13
0.2560000000000001 2.9823411363008496e-13
0.2570000000000001 2.704589606065075e-13
0.2580000000000001 2.449213892157152e-13
0.2590000000000001 2.2146131337337174e-13
0.2600000000000001 1.9993137596344796e-13
0.2610000000000001 1.8019544150324018e-13
0.2620000000000001 1.6212725990549674e-13
0.2630000000000001 1.4560930522318298e-13
0.2640000000000001 1.305317846340746e-13
0.2650000000000001 1.1679180678490526e-13
0.2660000000000001 1.0429269457878496e-13
0.2670000000000001 9.294342517637649e-14
0.2680000000000001 8.265817903685699e-14
0.26900000000000013 7.335597992910753e-14
0.27000000000000013 6.496040871607041e-14
0.27100000000000013 5.739937511583481e-14
0.27200000000000013 5.0604933372737865e-14
0.27300000000000013 4.451312966967873e-14
0.27400000000000013 3.906387105348655e-14
0.27500000000000013 3.4200807534180786e-14
0.27600000000000013 2.9871220788932084e-14
0.27700000000000014 2.6025914507804003e-14
0.27800000000000014 2.2619102834781357e-14
0.27900000000000014 1.960829457274894e-14
0.28000000000000014 1.6954171834963583e-14
0.28100000000000014 1.462046264636964e-14
0.28200000000000014 1.2573807639977719e-14
0.28300000000000014 1.0783621474217734e-14
0.28400000000000014 9.221949936500728e-15
0.28500000000000014 7.863323916652122e-15
0.28600000000000014 6.68461155158708e-15
0.28700000000000014 5.664869878698729e-15
0.28800000000000014 4.785197307519151e-15
0.28900000000000015 4.028588143038258e-15
0.29000000000000015 3.37979028342019e-15
0.29100000000000015 2.8251670814922667e-15
0.29200000000000015 2.3525642131163226e-15
0.29300000000000015 1.9511822443647913e-15
0.29400000000000015 1.6114554395953942e-15
0.29500000000000015 1.3249372088622083e-15
0.29600000000000015 1.0841924590876097e-15
0.29700000000000015 8.826969914356002e-16
0.29800000000000015 7.147439788077467e-16
0.29900000000000015 5.753574630100429e-16
0.30000000000000016 4.6021273099500785e-16
0.30100000000000016 3.6556336327961403e-16
0.30200000000000016 2.8817469444962235e-16
0.30300000000000016 2.252633846147674e-16
0.30400000000000016 1.7444277065468469e-16
0.30500000000000016 1.336736458859276e-16
0.30600000000000016 1.0122010515105983e-16
0.30700000000000016 7.56100880654705e-17
0.30800000000000016 5.560025508612135e-17
0.30900000000000016 4.014483809307093e-17
0.31000000000000016 2.8368118291033927e-17
0.31100000000000017 1.9540198532977216e-17
0.31200000000000017 1.3055753831119972e-17
0.31300000000000017 8.41546214446985e-18
0.31400000000000017 5.20983690654068e-18
0.31500000000000017 3.10520266600999e-18
0.31600000000000017 1.831575227771843e-18
0.31700000000000017 1.1722274525697152e-18
0.31800000000000017 9.547411216033945e-19
0.3190000000000002 1.0433637836526367e-18
0.3200000000000002 1.3325071161613016e-18
0.3210000000000002 1.7412399363063904e-18
0.3220000000000002 2.208644521366803e-18
0.3230000000000002 2.6899193012051852e-18
0.3240000000000002 3.1531242587935726e-18
0.3250000000000002 3.576477528746221e-18
0.3260000000000002 3.946122747775571e-18
0.3270000000000002 4.254296726940991e-18
0.3280000000000002 4.497836035553519e-18
0.3290000000000002 4.6769691692282875e-18
0.3300000000000002 4.794348182810562e-18
0.3310000000000002 4.8542800677149975e-18
0.3320000000000002 4.862123808192916e-18
0.3330000000000002 4.823824026820631e-18
0.3340000000000002 4.745556488865236e-18
0.3350000000000002 4.633464538309335e-18
0.3360000000000002 4.493468842136785e-18
0.3370000000000002 4.331135677397757e-18
0.3380000000000002 4.151591457211837e-18
0.3390000000000002 3.95947330297404e-18
0.3400000000000002 3.7589072724857945e-18
0.3410000000000002 3.5535073856354725e-18
0.3420000000000002 3.3463898850226345e-18
0.3430000000000002 3.1401982595129967e-18
0.3440000000000002 2.9371354717973952e-18
0.3450000000000002 2.7390005912111585e-18
0.3460000000000002 2.5472276621429175e-18
0.3470000000000002 2.3629251555083437e-18
0.3480000000000002 2.1869147728218026e-18
0.3490000000000002 2.0197687140455612e-18
0.3500000000000002 1.861844794411242e-18
0.3510000000000002 1.7133190128261129e-18
0.3520000000000002 1.5742153448194254e-18
0.3530000000000002 1.444432664397734e-18
0.3540000000000002 1.3237687986343856e-18
0.3550000000000002 1.2119417922207983e-18
0.3560000000000002 1.1086085115561568e-18
0.3570000000000002 1.0133807534518039e-18
0.3580000000000002 9.258390456839131e-19
0.3590000000000002 8.455443383711358e-19
0.3600000000000002 7.720477888898319e-19
0.3610000000000002 7.04898840751835e-19
0.3620000000000002 6.436517901680885e-19
0.3630000000000002 5.878710242067446e-19
0.3640000000000002 5.371351025679772e-19
0.3650000000000002 4.910398418574722e-19
0.3660000000000002 4.492005474897814e-19
0.3670000000000002 4.1125352447882844e-19
0.3680000000000002 3.768569847439557e-19
0.3690000000000002 3.4569145544335124e-19
0.3700000000000002 3.17459780429098e-19
0.3710000000000002 2.9188679532183893e-19
0.3720000000000002 2.687187459999431e-19
0.3730000000000002 2.4772251052107e-19
0.3740000000000002 2.286846756441616e-19
0.3750000000000002 2.1141051117841608e-19
0.3760000000000002 1.9572287831519299e-19
0.3770000000000002 1.8146110185147251e-19
0.3780000000000002 1.6847983073454603e-19
0.3790000000000002 1.5664790658763108e-19
0.3800000000000002 1.4584725575384975e-19
0.3810000000000002 1.3597181686069877e-19
0.38200000000000023 1.2692651289932e-19
0.38300000000000023 1.1862627427542222e-19
0.38400000000000023 1.1099511716803818e-19
0.38500000000000023 1.0396527977788858e-19
0.38600000000000023 9.747641761308382e-20
0.38700000000000023 9.14748578035267e-20
0.38800000000000023 8.591291151842386e-20
0.38900000000000023 8.074824284921059e-20
0.39000000000000024 7.594329198205867e-20
0.39100000000000024 7.146475009249111e-20
0.39200000000000024 6.728308312542584e-20
0.39300000000000024 6.337210145593388e-20
0.39400000000000024 5.97085723407224e-20
0.39500000000000024 5.627187205191454e-20
0.39600000000000024 5.304367461932562e-20
0.39700000000000024 5.000767418348081e-20
0.39800000000000024 4.7149338069082814e-20
0.39900000000000024 4.445568781924243e-20
0.40000000000000024 4.1915105577500474e-20
0.40100000000000025 3.951716336176621e-20
0.40200000000000025 3.725247293705606e-20
0.40300000000000025 3.5112554158525317e-20
0.40400000000000025 3.3089719819726073e-20
0.40500000000000025 3.117697520091286e-20
0.40600000000000025 2.936793066676795e-20
0.40700000000000025 2.765672581077874e-20
0.40800000000000025 2.603796378372123e-20
0.40900000000000025 2.4506654575701766e-20
0.41000000000000025 2.3058166144571916e-20
0.41100000000000025 2.168818239818662e-20
0.41200000000000025 2.0392667143895915e-20
0.41300000000000026 1.9167833216045083e-20
0.41400000000000026 1.801011608137515e-20
0.41500000000000026 1.6916151303374567e-20
0.41600000000000026 1.5882755320282623e-20
0.41700000000000026 1.4906909057974915e-20
0.41800000000000026 1.3985743958851703e-20
0.41900000000000026 1.3116530061553256e-20
0.42000000000000026 1.2296665814320633e-20
0.42100000000000026 1.1523669347537977e-20
0.42200000000000026 1.0795170968910181e-20
0.42300000000000026 1.010890667823784e-20
0.42400000000000027 9.462712528283272e-21
0.42500000000000027 8.854519684141787e-21
0.42600000000000027 8.282350056205447e-21
0.42700000000000027 7.744312401566624e-21
0.42800000000000027 7.23859880585764e-21
0.42900000000000027 6.7634814723566095e-21
0.43000000000000027 6.317309757953541e-21
0.43100000000000027 5.898507406515851e-21
0.4320000000000003 5.50556993952751e-21
0.4330000000000003 5.137062171796858e-21
0.4340000000000003 4.7916158267140075e-21
0.4350000000000003 4.467927231144483e-21
0.4360000000000003 4.164755074715989e-21
0.4370000000000003 3.880918222113619e-21
0.4380000000000003 3.61529357015959e-21
0.4390000000000003 3.3668139440151302e-21
0.4400000000000003 3.134466028894056e-21
0.4410000000000003 2.9172883352931004e-21
0.4420000000000003 2.7143691969958344e-21
0.4430000000000003 2.5248448020514067e-21
0.4440000000000003 2.3478972576164634e-21
0.4450000000000003 2.182752690026902e-21
0.4460000000000003 2.0286793817707374e-21
0.4470000000000003 1.884985947198018e-21
0.4480000000000003 1.7510195488583766e-21
0.4490000000000003 1.6261641563227702e-21
0.4500000000000003 1.5098388492457338e-21
0.4510000000000003 1.4014961662743478e-21
0.4520000000000003 1.3006205012237623e-21
0.4530000000000003 1.2067265477294152e-21
0.4540000000000003 1.1193577933620353e-21
0.4550000000000003 1.0380850639608612e-21
0.4560000000000003 9.62505118710314e-22
0.4570000000000003 8.922392962592954e-22
0.4580000000000003 8.269322119657693e-22
0.4590000000000003 7.662505061434977e-22
0.4600000000000003 7.098816429962599e-22
0.4610000000000003 6.575327597480187e-22
0.4620000000000003 6.089295653163628e-22
0.4630000000000003 5.638152877322007e-22
0.4640000000000003 5.219496693797921e-22
0.4650000000000003 4.831080090190945e-22
0.4660000000000003 4.470802494553123e-22
0.4670000000000003 4.136701096385631e-22
0.4680000000000003 3.8269425990861068e-22
0.4690000000000003 3.5398153904497034e-22
0.4700000000000003 3.2737221174031866e-22
0.4710000000000003 3.027172650841154e-22
0.4720000000000003 2.7987774262279974e-22
0.4730000000000003 2.5872411455177284e-22
0.4740000000000003 2.391356825918085e-22
0.4750000000000003 2.2100001810746857e-22
0.4760000000000003 2.0421243203698845e-22
0.4770000000000003 1.886754752206861e-22
0.4780000000000003 1.7429846773788478e-22
0.4790000000000003 1.609970558896223e-22
0.4800000000000003 1.4869279549547467e-22
0.4810000000000003 1.373127602070749e-22
0.4820000000000003 1.2678917357769834e-22
0.4830000000000003 1.1705906366614147e-22
0.4840000000000003 1.0806393899360903e-22
0.4850000000000003 9.974948471392972e-23
0.4860000000000003 9.206527789987692e-23
0.4870000000000003 8.496452089123282e-23
0.4880000000000003 7.840379169327925e-23
0.4890000000000003 7.234281045731889e-23
0.4900000000000003 6.674422111744636e-23
0.4910000000000003 6.157338729982405e-23
0.4920000000000003 5.679820166209852e-23
0.4930000000000003 5.238890786108337e-23
0.4940000000000003 4.831793438640518e-23
0.49500000000000033 4.4559739536259754e-23
0.49600000000000033 4.109066684879042e-23
0.49700000000000033 3.788881033871501e-23
0.49800000000000033 3.49338889237116e-23
0.49900000000000033 3.220712945866959e-23
