0.1 1.7605726122383365e-11
0.101 3.2653400803987415e-11
0.10200000000000001 4.738907258787478e-11
0.10300000000000001 5.569411968152238e-11
0.10400000000000001 5.3763856314317324e-11
0.10500000000000001 4.241117578521859e-11
0.10600000000000001 2.6447328082915184e-11
0.10700000000000001 1.1757504096977975e-11
0.10800000000000001 2.225349602024622e-12
0.10900000000000001 -1.585425598398348e-12
0.11000000000000001 -1.618823029077184e-12
0.11100000000000002 -4.4099230116236833e-13
0.11200000000000002 3.109633364551355e-13
0.11300000000000002 3.877464423291378e-13
0.11400000000000002 4.315816601522061e-13
0.11500000000000002 1.149541971104376e-12
0.11600000000000002 2.725830895618031e-12
0.11700000000000002 4.706266702867031e-12
0.11800000000000002 6.278273036465841e-12
0.11900000000000002 6.7210284884626145e-12
0.12000000000000002 5.790666195118673e-12
0.12100000000000002 3.870781042120181e-12
0.12200000000000003 1.8235234281727557e-12
0.12300000000000003 6.025530465329673e-13
0.12400000000000003 7.99660179905313e-13
0.12500000000000003 2.3383931804104162e-12
0.12600000000000003 4.467510653553119e-12
0.12700000000000003 6.06594086937175e-12
0.12800000000000003 6.1205095369214925e-12
0.12900000000000003 4.157402454678146e-12
0.13000000000000003 4.3785113100664113e-13
0.13100000000000003 -4.153223092820643e-12
0.13200000000000003 -8.455301679438656e-12
0.13300000000000003 -1.1452109645599143e-11
0.13400000000000004 -1.2588731453792867e-11
0.13500000000000004 -1.1879317897322365e-11
0.13600000000000004 -9.801055501851425e-12
0.13700000000000004 -7.0559112456152354e-12
0.13800000000000004 -4.316784784732057e-12
0.13900000000000004 -2.0539869125074318e-12
0.14000000000000004 -4.817612346159013e-13
0.14100000000000004 3.955734344260845e-13
0.14200000000000004 6.956528582482853e-13
0.14300000000000004 5.892151282845628e-13
0.14400000000000004 2.856984360814934e-13
0.14500000000000005 7.082831332055573e-14
0.14600000000000005 3.6241888504612883e-13
0.14700000000000005 1.7385428260142361e-12
0.14800000000000005 4.902305772022648e-12
0.14900000000000005 1.0573372963209078e-11
0.15000000000000005 1.9326564404248775e-11
0.15100000000000005 3.142054597833908e-11
0.15200000000000005 4.666723019406617e-11
0.15300000000000005 6.438334501662283e-11
0.15400000000000005 8.344377979788937e-11
0.15500000000000005 1.0242933743208927e-10
0.15600000000000006 1.1983763541248272e-10
0.15700000000000006 1.3431145230704015e-10
0.15800000000000006 1.4483675441901267e-10
0.15900000000000006 1.508722196074282e-10
0.16000000000000006 1.5238965914598334e-10
0.16100000000000006 1.498251913501638e-10
0.16200000000000006 1.4395925271940942e-10
0.16300000000000006 1.357557303465994e-10
0.16400000000000006 1.261948135003936e-10
0.16500000000000006 1.161307933874558e-10
0.16600000000000006 1.0619683389292594e-10
0.16700000000000007 9.676648401810913e-11
0.16800000000000007 8.796937069171665e-11
0.16900000000000007 7.974858221154063e-11
0.17000000000000007 7.194130440191688e-11
0.17100000000000007 6.43628207553178e-11
0.17200000000000007 5.687658447160628e-11
0.17300000000000007 4.943856354016985e-11
0.17400000000000007 4.21109473595041e-11
0.17500000000000007 3.5047077761571894e-11
0.17600000000000007 2.8454896059324358e-11
0.17700000000000007 2.254949637990223e-11
0.17800000000000007 1.7506266855143456e-11
0.17900000000000008 1.3424772474119676e-11
0.18000000000000008 1.0310526256803184e-11
0.18100000000000008 8.07784840693894e-12
0.18200000000000008 6.572909693881268e-12
0.18300000000000008 5.612489189955078e-12
0.18400000000000008 5.031457059766618e-12
0.18500000000000008 4.730796997386073e-12
0.18600000000000008 4.718149697317731e-12
0.18700000000000008 5.1342225593477974e-12
0.18800000000000008 6.260656144922084e-12
0.18900000000000008 8.507666645947958e-12
0.19000000000000009 1.2382581922947091e-11
0.1910000000000001 1.844288416980406e-11
0.1920000000000001 2.723927615508298e-11
0.1930000000000001 3.9255419141372825e-11
0.1940000000000001 5.4851282135611777e-11
0.1950000000000001 7.42165330495425e-11
0.1960000000000001 9.733921784957247e-11
0.1970000000000001 1.2399329892943697e-10
0.1980000000000001 1.5374667495388707e-10
0.1990000000000001 1.8598930117438516e-10
0.2000000000000001 2.1997917190418872e-10
0.2010000000000001 2.5490237849163716e-10
0.2020000000000001 2.8994233176495013e-10
0.2030000000000001 3.243526002353602e-10
0.2040000000000001 3.5752767616934215e-10
0.2050000000000001 3.8906630797920085e-10
0.2060000000000001 4.188227606045739e-10
0.2070000000000001 4.46942392312188e-10
0.2080000000000001 4.738791598768908e-10
0.2090000000000001 5.003939749046436e-10
0.2100000000000001 5.275341289799386e-10
0.2110000000000001 5.565951947467114e-10
0.2120000000000001 5.890678227627119e-10
0.2130000000000001 6.265726398821725e-10
0.2140000000000001 6.707869856069045e-10
0.2150000000000001 7.233674904816153e-10
0.2160000000000001 7.858725155576599e-10
0.2170000000000001 8.596882594065685e-10
0.2180000000000001 9.459619353624591e-10
0.2190000000000001 1.0455448699025096e-09
0.2200000000000001 1.158947719942513e-09
0.2210000000000001 1.286309298853843e-09
0.22200000000000011 1.427379781854266e-09
0.22300000000000011 1.5815183696971894e-09
0.22400000000000012 1.7477048573542808e-09
0.22500000000000012 1.9245640063486636e-09
0.22600000000000012 2.11040117257745e-09
0.22700000000000012 2.303247305460093e-09
0.22800000000000012 2.5009112118225465e-09
0.22900000000000012 2.701036865904394e-09
0.23000000000000012 2.90116353718718e-09
0.23100000000000012 3.0987865886210466e-09
0.23200000000000012 3.291416954896098e-09
0.23300000000000012 3.476637527848726e-09
0.23400000000000012 3.6521549375576617e-09
0.23500000000000013 3.815845507205507e-09
0.23600000000000013 3.96579446238671e-09
0.23700000000000013 4.100327777839089e-09
0.23800000000000013 4.218036335055078e-09
0.23900000000000013 4.3177923334987925e-09
0.24000000000000013 4.3987581390083595e-09
0.24100000000000013 4.460387960340061e-09
0.24200000000000013 4.502422915659489e-09
0.24300000000000013 4.524880183898536e-09
0.24400000000000013 4.528037031633397e-09
0.24500000000000013 4.5124105661870555e-09
0.24600000000000014 4.478734092756431e-09
0.24700000000000014 4.4279309510064475e-09
0.24800000000000014 4.361086678786495e-09
0.24900000000000014 4.279420301718478e-09
0.2500000000000001 4.184255481760937e-09
0.2510000000000001 4.076992179773183e-09
0.2520000000000001 3.95907940065672e-09
0.2530000000000001 3.831989498562926e-09
0.2540000000000001 3.697194427262744e-09
0.2550000000000001 3.5561442299272475e-09
0.2560000000000001 3.4102479756667403e-09
0.2570000000000001 3.260857269114808e-09
0.2580000000000001 3.1092523855694005e-09
0.2590000000000001 2.956631018715363e-09
0.2600000000000001 2.8040995713581845e-09
0.2610000000000001 2.652666872153304e-09
0.2620000000000001 2.503240162970563e-09
0.2630000000000001 2.3566231719907912e-09
0.2640000000000001 2.2135160663917564e-09
0.2650000000000001 2.074517064891751e-09
0.2660000000000001 1.940125483717761e-09
0.2670000000000001 1.8107459889228056e-09
0.2680000000000001 1.6866938325293758e-09
0.26900000000000013 1.5682008588553253e-09
0.27000000000000013 1.4554220797411068e-09
0.27100000000000013 1.348442632436661e-09
0.27200000000000013 1.2472849508782404e-09
0.27300000000000013 1.15191599930808e-09
0.27400000000000013 1.0622544360597738e-09
0.27500000000000013 9.781775943239295e-10
0.27600000000000013 8.995281853739068e-10
0.27700000000000014 8.261206477032554e-10
0.27800000000000014 7.577470825093548e-10
0.27900000000000014 6.941827317269732e-10
0.28000000000000014 6.351909692116732e-10
0.28100000000000014 5.805277885900566e-10
0.28200000000000014 5.299457826808001e-10
0.28300000000000014 4.831976192352736e-10
0.28400000000000014 4.4003902607677803e-10
0.28500000000000014 4.0023130558793366e-10
0.28600000000000014 3.6354340398654854e-10
0.28700000000000014 3.2975356503799306e-10
0.28800000000000014 2.986506008862592e-10
0.28900000000000015 2.700348146637389e-10
0.29000000000000015 2.437186105829869e-10
0.29100000000000015 2.1952682744368934e-10
0.29200000000000015 1.9729683102434105e-10
0.29300000000000015 1.7687839978622876e-10
0.29400000000000015 1.581334368046448e-10
0.29500000000000015 1.4093553896137077e-10
0.29600000000000015 1.251694522741237e-10
0.29700000000000015 1.1073043988731702e-10
0.29800000000000015 9.752358677748498e-11
0.29900000000000015 8.546306270050782e-11
0.30000000000000016 7.44713623819437e-11
0.30100000000000016 6.447853947260119e-11
0.30200000000000016 5.542144839725153e-11
0.30300000000000016 4.7243005945574036e-11
0.30400000000000016 3.9891482314479315e-11
0.30500000000000016 3.331982932703282e-11
0.30600000000000016 2.748505173649319e-11
0.30700000000000016 2.2347625881340168e-11
0.30800000000000016 1.7870968490541214e-11
0.30900000000000016 1.4020957146428758e-11
0.31000000000000016 1.0765502791147953e-11
0.31100000000000017 8.074173704891964e-12
0.31200000000000017 5.917869581382702e-12
0.31300000000000017 4.268543668362733e-12
0.31400000000000017 3.0989704170985716e-12
0.31500000000000017 2.382555683449004e-12
0.31600000000000017 2.0931862318988795e-12
0.31700000000000017 2.205115101242635e-12
0.31800000000000017 2.6928792842050425e-12
0.3190000000000002 3.53124614215348e-12
0.3200000000000002 4.6951850088826886e-12
0.3210000000000002 6.159860524118568e-12
0.3220000000000002 7.900644368298048e-12
0.3230000000000002 9.893142236336095e-12
0.3240000000000002 1.2113233081626263e-11
0.3250000000000002 1.4537117874982636e-11
0.3260000000000002 1.7141375350373607e-11
0.3270000000000002 1.9903022444223958e-11
0.3280000000000002 2.2799577373031026e-11
0.3290000000000002 2.5809123530699785e-11
0.3300000000000002 2.8910372618929927e-11
0.3310000000000002 3.2082725648138607e-11
0.3320000000000002 3.5306330660489534e-11
0.3330000000000002 3.856213622884309e-11
0.3340000000000002 4.183193997429644e-11
0.3350000000000002 4.5098431519726093e-11
0.3360000000000002 4.834522945658643e-11
0.3370000000000002 5.155691204699004e-11
0.3380000000000002 5.4719041512798874e-11
0.3390000000000002 5.7818181878238747e-11
0.3400000000000002 6.084191043290016e-11
0.3410000000000002 6.377882296848891e-11
0.3420000000000002 6.661853301591475e-11
0.3430000000000002 6.935166537019371e-11
0.3440000000000002 7.196984423990461e-11
0.3450000000000002 7.446567639657178e-11
0.3460000000000002 7.683272972817807e-11
0.3470000000000002 7.906550762100759e-11
0.3480000000000002 8.115941960612606e-11
0.3490000000000002 8.311074871179792e-11
0.3500000000000002 8.491661596201998e-11
0.3510000000000002 8.657494245483396e-11
0.3520000000000002 8.808440944303831e-11
0.3530000000000002 8.94444168249484e-11
0.3540000000000002 9.065504043483165e-11
0.3550000000000002 9.171698850199597e-11
0.3560000000000002 9.263155762493399e-11
0.3570000000000002 9.340058858294412e-11
0.3580000000000002 9.402642228260783e-11
0.3590000000000002 9.451185611101259e-11
0.3600000000000002 9.48601009418209e-11
0.3610000000000002 9.50747390147215e-11
0.3620000000000002 9.51596828835677e-11
0.3630000000000002 9.511913560394315e-11
0.3640000000000002 9.495755230717683e-11
0.3650000000000002 9.467960328507401e-11
0.3660000000000002 9.429013868800806e-11
0.3670000000000002 9.37941549186184e-11
0.3680000000000002 9.319676278424163e-11
0.3690000000000002 9.250315745340916e-11
0.3700000000000002 9.171859024533753e-11
0.3710000000000002 9.084834226627573e-11
0.3720000000000002 8.989769989287745e-11
0.3730000000000002 8.887193209043521e-11
0.3740000000000002 8.777626954273432e-11
0.3750000000000002 8.661588556053313e-11
0.3760000000000002 8.539587872708941e-11
0.3770000000000002 8.41212572317452e-11
0.3780000000000002 8.279692483626312e-11
0.3790000000000002 8.142766841332005e-11
0.3800000000000002 8.001814699224355e-11
0.3810000000000002 7.85728822436371e-11
0.38200000000000023 7.70962503319503e-11
0.38300000000000023 7.559247506319392e-11
0.38400000000000023 7.40656222538539e-11
0.38500000000000023 7.251959524652392e-11
0.38600000000000023 7.095813149781856e-11
0.38700000000000023 6.938480016465272e-11
0.38800000000000023 6.780300061596631e-11
0.38900000000000023 6.621596179832614e-11
0.39000000000000024 6.462674238554889e-11
0.39100000000000024 6.303823164447239e-11
0.39200000000000024 6.145315095123986e-11
0.39300000000000024 5.987405589488147e-11
0.39400000000000024 5.830333890758029e-11
0.39500000000000024 5.674323236371366e-11
0.39600000000000024 5.519581209256584e-11
0.39700000000000024 5.366300125249086e-11
0.39800000000000024 5.214657451718213e-11
0.39900000000000024 5.064816252764602e-11
0.40000000000000024 4.9169256566355444e-11
0.40100000000000025 4.771121341296024e-11
0.40200000000000025 4.627526034373938e-11
0.40300000000000025 4.486250023976428e-11
0.40400000000000025 4.3473916771443585e-11
0.40500000000000025 4.211037962972658e-11
0.40600000000000025 4.0772649776786905e-11
0.40700000000000025 3.946138469143116e-11
0.40800000000000025 3.8177143586807694e-11
0.40900000000000025 3.6920392580223056e-11
0.41000000000000025 3.5691509796977916e-11
0.41100000000000025 3.449079039215456e-11
0.41200000000000025 3.3318451476167236e-11
0.41300000000000026 3.2174636931682687e-11
0.41400000000000026 3.1059422111185375e-11
0.41500000000000026 2.9972818406028e-11
0.41600000000000026 2.891477767926428e-11
0.41700000000000026 2.788519655592143e-11
0.41800000000000026 2.688392056561544e-11
0.41900000000000026 2.591074813356993e-11
0.42000000000000026 2.496543441716725e-11
0.42100000000000026 2.4047694986118214e-11
0.42200000000000026 2.3157209345235405e-11
0.42300000000000026 2.2293624299586493e-11
0.42400000000000027 2.145655716253426e-11
0.42500000000000027 2.0645598807813684e-11
0.42600000000000027 1.986031656738287e-11
0.42700000000000027 1.9100256977293886e-11
0.42800000000000027 1.8364948374279244e-11
0.42900000000000027 1.7653903346151602e-11
0.43000000000000027 1.696662103944737e-11
0.43100000000000027 1.6302589328036838e-11
0.4320000000000003 1.5661286846670426e-11
0.4330000000000003 1.5042184893627115e-11
0.4340000000000003 1.4444749206795346e-11
0.4350000000000003 1.3868441617640618e-11
0.4360000000000003 1.3312721587607233e-11
0.4370000000000003 1.2777047631562923e-11
0.4380000000000003 1.2260878632930104e-11
0.4390000000000003 1.1763675055157332e-11
0.4400000000000003 1.1284900054173789e-11
0.4410000000000003 1.0824020496435802e-11
0.4420000000000003 1.0380507887126724e-11
0.4430000000000003 9.953839213006286e-12
0.4440000000000003 9.54349770432698e-12
0.4450000000000003 9.148973520143485e-12
0.4460000000000003 8.769764361244535e-12
0.4470000000000003 8.40537601482254e-12
0.4480000000000003 8.055322834884625e-12
0.4490000000000003 7.719128162284493e-12
0.4500000000000003 7.396324688127806e-12
0.4510000000000003 7.086454764174149e-12
0.4520000000000003 6.7890706637258755e-12
0.4530000000000003 6.503734796357987e-12
0.4540000000000003 6.23001987970933e-12
0.4550000000000003 5.967509071418354e-12
0.4560000000000003 5.715796064152031e-12
0.4570000000000003 5.474485146541264e-12
0.4580000000000003 5.243191232704449e-12
0.4590000000000003 5.021539862908894e-12
0.4600000000000003 4.8091671777915445e-12
0.4610000000000003 4.605719868435372e-12
0.4620000000000003 4.4108551044735115e-12
0.4630000000000003 4.224240442275165e-12
0.4640000000000003 4.045553715149692e-12
0.4650000000000003 3.874482907393364e-12
0.4660000000000003 3.710726013894526e-12
0.4670000000000003 3.55399088690702e-12
0.4680000000000003 3.403995071501158e-12
0.4690000000000003 3.260465631103604e-12
0.4700000000000003 3.123138964444831e-12
0.4710000000000003 2.991760615142431e-12
0.4720000000000003 2.866085075063723e-12
0.4730000000000003 2.7458755825288165e-12
0.4740000000000003 2.6309039163381337e-12
0.4750000000000003 2.5209501865331218e-12
0.4760000000000003 2.4158026227299395e-12
0.4770000000000003 2.3152573607975574e-12
0.4780000000000003 2.219118228589801e-12
0.4790000000000003 2.1271965313798232e-12
0.4800000000000003 2.0393108375897287e-12
0.4810000000000003 1.9552867653543693e-12
0.4820000000000003 1.8749567704083116e-12
0.4830000000000003 1.798159935737533e-12
0.4840000000000003 1.7247417633932393e-12
0.4850000000000003 1.654553968823595e-12
0.4860000000000003 1.587454278040248e-12
0.4870000000000003 1.5233062279002002e-12
0.4880000000000003 1.4619789697496783e-12
0.4890000000000003 1.403347076644948e-12
0.4900000000000003 1.3472903543359604e-12
0.4910000000000003 1.2936936561710196e-12
0.4920000000000003 1.242446702055883e-12
0.4930000000000003 1.1934439015769086e-12
0.4940000000000003 1.1465841813767785e-12
0.49500000000000033 1.1017708168510027e-12
0.49600000000000033 1.0589112682156356e-12
0.49700000000000033 1.0179170209796486e-12
0.49800000000000033 9.787034308402152e-13
0.49900000000000033 9.411895730052638e-13
