0.1 1.5030540255699093e-12
0.101 1.1362834387288897e-12
0.10200000000000001 4.128095360976019e-12
0.10300000000000001 1.3083373296934634e-11
0.10400000000000001 2.368868749612469e-11
0.10500000000000001 2.752047600621234e-11
0.10600000000000001 2.1016318749370168e-11
0.10700000000000001 9.538926936561407e-12
0.10800000000000001 1.5561408266037303e-12
0.10900000000000001 1.8771419157712279e-13
0.11000000000000001 1.750772306149723e-12
0.11100000000000002 1.7089514658144282e-12
0.11200000000000002 1.3791499004625829e-13
0.11300000000000002 7.752395725209888e-13
0.11400000000000002 5.835955641817216e-12
0.11500000000000002 1.302726588857026e-11
0.11600000000000002 1.7859430991876283e-11
0.11700000000000002 1.834743149703956e-11
0.11800000000000002 1.6996559434575068e-11
0.11900000000000002 1.8009883215557734e-11
0.12000000000000002 2.238626564154883e-11
0.12100000000000002 2.574342380821523e-11
0.12200000000000003 2.1835026704949914e-11
0.12300000000000003 1.0480931986505858e-11
0.12400000000000003 4.982894289692231e-12
0.12500000000000003 3.339720271949953e-11
0.12600000000000003 1.3080947036459343e-10
0.12700000000000003 3.2457555042121144e-10
0.12800000000000003 6.187530064798028e-10
0.12900000000000003 9.85258957257246e-10
0.13000000000000003 1.3667965151157405e-09
0.13100000000000003 1.6914713399822031e-09
0.13200000000000003 1.893829561859121e-09
0.13300000000000003 1.9343089710032645e-09
0.13400000000000004 1.809972012852263e-09
0.13500000000000004 1.5532142791449263e-09
0.13600000000000004 1.2199487519009664e-09
0.13700000000000004 8.724027104321344e-10
0.13800000000000004 5.628193134805054e-10
0.13900000000000004 3.2299455472044564e-10
0.14000000000000004 1.6170561288481137e-10
0.14100000000000004 6.90907897272725e-11
0.14200000000000004 2.5043047767868298e-11
0.14300000000000004 8.145074804701802e-12
0.14400000000000004 2.4087164873727203e-12
0.14500000000000005 4.875010265340289e-13
0.14600000000000005 3.4471959584354507e-12
0.14700000000000005 1.8142698442862336e-11
0.14800000000000005 5.3597471208605756e-11
0.14900000000000005 1.1761035651925097e-10
0.15000000000000005 2.1435707575821835e-10
0.15100000000000005 3.4325179250190686e-10
0.15200000000000005 4.989528308115142e-10
0.15300000000000005 6.721976170424297e-10
0.15400000000000005 8.511131048600152e-10
0.15500000000000005 1.022705206898347e-09
0.15600000000000006 1.1743179041361958e-09
0.15700000000000006 1.2949261530427227e-09
0.15800000000000006 1.3761717837853746e-09
0.15900000000000006 1.4130752989572935e-09
0.16000000000000006 1.4043747360657427e-09
0.16100000000000006 1.3524688403778544e-09
0.16200000000000006 1.2629801379585819e-09
0.16300000000000006 1.1439992095900888e-09
0.16400000000000006 1.0051139505394186e-09
0.16500000000000006 8.563556724190705e-10
0.16600000000000006 7.072001053200876e-10
0.16700000000000007 5.657441945348167e-10
0.16800000000000007 4.3814342920065084e-10
0.16900000000000007 3.2834769478239823e-10
0.17000000000000007 2.381261078105871e-10
0.17100000000000007 1.6733165230728943e-10
0.17200000000000007 1.1433050715896355e-10
0.17300000000000007 7.651095498059653e-11
0.17400000000000007 5.07915609425663e-11
0.17500000000000007 3.406431732388252e-11
0.17600000000000007 2.3530834378011263e-11
0.17700000000000007 1.691351844869218e-11
0.17800000000000007 1.254494694723002e-11
0.17900000000000008 9.35461770393451e-12
0.18000000000000008 6.781706867346824e-12
0.18100000000000008 4.6455374191719485e-12
0.18200000000000008 3.0032378019843275e-12
0.18300000000000008 2.018200856776915e-12
0.18400000000000008 1.8552199248298494e-12
0.18500000000000008 2.610184709748333e-12
0.18600000000000008 4.275186552158306e-12
0.18700000000000008 6.734568205284245e-12
0.18800000000000008 9.784161500704088e-12
0.18900000000000008 1.3164618431691829e-11
0.19000000000000009 1.6600028040916647e-11
0.1910000000000001 1.983445382438856e-11
0.1920000000000001 2.2661120909551726e-11
0.1930000000000001 2.4941272267511145e-11
0.1940000000000001 2.6611838928980348e-11
0.1950000000000001 2.768279006025093e-11
0.1960000000000001 2.822622269286478e-11
0.1970000000000001 2.8359897370564734e-11
0.1980000000000001 2.822808043684099e-11
0.1990000000000001 2.7982319268116163e-11
0.2000000000000001 2.7764277919840693e-11
0.2010000000000001 2.7692121694248232e-11
0.2020000000000001 2.7851268922293072e-11
0.2030000000000001 2.828971124383741e-11
0.2040000000000001 2.90175965330268e-11
0.2050000000000001 3.001040113118122e-11
0.2060000000000001 3.121479695812222e-11
0.2070000000000001 3.2556233508592535e-11
0.2080000000000001 3.394728214212468e-11
0.2090000000000001 3.529590174452569e-11
0.2100000000000001 3.651295061794643e-11
0.2110000000000001 3.75184612488072e-11
0.2120000000000001 3.824638869909082e-11
0.2130000000000001 3.8647721662239706e-11
0.2140000000000001 3.86919955280417e-11
0.2150000000000001 3.8367362459390923e-11
0.2160000000000001 3.7679452570145456e-11
0.2170000000000001 3.664930455464383e-11
0.2180000000000001 3.531065786766856e-11
0.2190000000000001 3.370688761838699e-11
0.2200000000000001 3.188783417163642e-11
0.2210000000000001 2.990673840138168e-11
0.22200000000000011 2.7817446370377473e-11
0.22300000000000011 2.567199875338629e-11
0.22400000000000012 2.3518674341443568e-11
0.22500000000000012 2.1400516128065552e-11
0.22600000000000012 1.9354334428486127e-11
0.22700000000000012 1.7410154977176255e-11
0.22800000000000012 1.5591061027719775e-11
0.22900000000000012 1.3913366647061457e-11
0.23000000000000012 1.238705279419158e-11
0.23100000000000012 1.1016397333239733e-11
0.23200000000000012 9.800733703049152e-12
0.23300000000000012 8.735279418788709e-12
0.23400000000000012 7.811983875460582e-12
0.23500000000000013 7.020354154534458e-12
0.23600000000000013 6.34822696060536e-12
0.23700000000000013 5.782463860170544e-12
0.23800000000000013 5.309555246245234e-12
0.23900000000000013 4.916125643849827e-12
0.24000000000000013 4.589338961247849e-12
0.24100000000000013 4.3172070412358585e-12
0.24200000000000013 4.088808415407279e-12
0.24300000000000013 3.8944266080897004e-12
0.24400000000000013 3.725618807996572e-12
0.24500000000000013 3.5752263766595156e-12
0.24600000000000014 3.4373386516846006e-12
0.24700000000000014 3.3072209839136933e-12
0.24800000000000014 3.1812170632777153e-12
0.24900000000000014 3.0566344648456187e-12
0.2500000000000001 2.9316210918073813e-12
0.2510000000000001 2.805038893687188e-12
0.2520000000000001 2.6763399645436913e-12
0.2530000000000001 2.545448927980002e-12
0.2540000000000001 2.412654428287409e-12
0.2550000000000001 2.278511591197963e-12
0.2560000000000001 2.1437565035554874e-12
0.2570000000000001 2.0092330898983565e-12
0.2580000000000001 1.8758322299866286e-12
0.2590000000000001 1.744442554475216e-12
0.2600000000000001 1.6159120629506506e-12
0.2610000000000001 1.4910195144590593e-12
0.2620000000000001 1.3704544299287686e-12
0.2630000000000001 1.2548045032757461e-12
0.2640000000000001 1.144549229098962e-12
0.2650000000000001 1.0400586066357222e-12
0.2660000000000001 9.415958605002424e-13
0.2670000000000001 8.493232187587599e-13
0.2680000000000001 7.633098998376742e-13
0.26900000000000013 6.835415749360138e-13
0.27000000000000013 6.099306867999063e-13
0.27100000000000013 5.423271150013974e-13
0.27200000000000013 4.805287794754733e-13
0.27300000000000013 4.242918661974331e-13
0.27400000000000013 3.733404405148044e-13
0.27500000000000013 3.273752844048134e-13
0.27600000000000013 2.86081853922432e-13
0.27700000000000014 2.491373028115034e-13
0.27800000000000014 2.1621655840326114e-13
0.27900000000000014 1.8699746741660428e-13
0.28000000000000014 1.6116505308666553e-13
0.28100000000000014 1.3841494219565204e-13
0.28200000000000014 1.1845603206255002e-13
0.28300000000000014 1.0101247431815109e-13
0.28400000000000014 8.58250552316757e-14
0.28500000000000014 7.26520522638301e-14
0.28600000000000014 6.12696441060394e-14
0.28700000000000014 5.147194734099982e-14
0.28800000000000014 4.307074754829942e-14
0.28900000000000015 3.589498661639149e-14
0.29000000000000015 2.9790061564429467e-14
0.29100000000000015 2.4616983607445756e-14
0.29200000000000015 2.025143973534721e-14
0.29300000000000015 1.6582792883902393e-14
0.29400000000000015 1.3513050970646753e-14
0.29500000000000015 1.0955829727581316e-14
0.29600000000000015 8.835329430296148e-15
0.29700000000000015 7.085341318793581e-15
0.29800000000000015 5.648295727643669e-15
0.29900000000000015 4.474360675888402e-15
0.30000000000000016 3.520596883103394e-15
0.30100000000000016 2.7501728424752347e-15
0.30200000000000016 2.1316416553577537e-15
0.30300000000000016 1.6382797728898556e-15
0.30400000000000016 1.2474865567580898e-15
0.30500000000000016 9.402426217843184e-16
0.30600000000000016 7.006242182783e-16
0.30700000000000016 5.153704151509536e-16
0.30800000000000016 3.734995217441888e-16
0.30900000000000016 2.659710065592858e-16
0.31000000000000016 1.8538910724193118e-16
0.31100000000000017 1.257443542819158e-16
0.31200000000000017 8.218933005772832e-17
0.31300000000000017 5.084513723187318e-17
0.31400000000000017 2.863524097560732e-17
0.31500000000000017 1.3143565472805836e-17
0.31600000000000017 2.493956276580644e-18
0.31700000000000017 -4.751641987782131e-18
0.31800000000000017 -9.67870498248524e-18
0.3190000000000002 -1.3091524330476714e-17
0.3200000000000002 -1.5572434476714726e-17
0.3210000000000002 -1.7530612782555582e-17
0.3220000000000002 -1.9241995490199606e-17
0.3230000000000002 -2.0881667352407732e-17
0.3240000000000002 -2.254991300447813e-17
0.3250000000000002 -2.429296365526093e-17
0.3260000000000002 -2.6119333128214706e-17
0.3270000000000002 -2.8012512160814495e-17
0.3280000000000002 -2.994067844655872e-17
0.3290000000000002 -3.186398132328771e-17
0.3300000000000002 -3.373987333824615e-17
0.3310000000000002 -3.552688517836795e-17
0.3320000000000002 -3.718717465843299e-17
0.3330000000000002 -3.868812364149428e-17
0.3340000000000002 -4.0003207989796555e-17
0.3350000000000002 -4.111232402270592e-17
0.3360000000000002 -4.2001719658321055e-17
0.3370000000000002 -4.266364866671318e-17
0.3380000000000002 -4.3095841557805745e-17
0.3390000000000002 -4.3300865922968135e-17
0.3400000000000002 -4.3285431967046287e-17
0.3410000000000002 -4.305968498833773e-17
0.3420000000000002 -4.263651522725387e-17
0.3430000000000002 -4.203090640389618e-17
0.3440000000000002 -4.1259337043997086e-17
0.3450000000000002 -4.033924304144234e-17
0.3460000000000002 -3.928854555498773e-17
0.3470000000000002 -3.8125245055632704e-17
0.3480000000000002 -3.686707993161276e-17
0.3490000000000002 -3.5531246351975296e-17
0.3500000000000002 -3.413417494535711e-17
0.3510000000000002 -3.269135914876221e-17
0.3520000000000002 -3.12172297227891e-17
0.3530000000000002 -2.9725069832869265e-17
0.3540000000000002 -2.822696519362107e-17
0.3550000000000002 -2.6733784010756156e-17
0.3560000000000002 -2.52551817883813e-17
0.3570000000000002 -2.3799626464161542e-17
0.3580000000000002 -2.2374439763394292e-17
0.3590000000000002 -2.0985851104661787e-17
0.3600000000000002 -1.963906082849193e-17
0.3610000000000002 -1.833830994484102e-17
0.3620000000000002 -1.708695399700171e-17
0.3630000000000002 -1.5887539013315078e-17
0.3640000000000002 -1.474187786056157e-17
0.3650000000000002 -1.3651125622523916e-17
0.3660000000000002 -1.261585290365282e-17
0.3670000000000002 -1.1636116201706836e-17
0.3680000000000002 -1.0711524706012227e-17
0.3690000000000002 -9.841303061456901e-18
0.3700000000000002 -9.024349794630814e-18
0.3710000000000002 -8.259291229986194e-18
0.3720000000000002 -7.544530832899966e-18
0.3730000000000002 -6.878294005472893e-18
0.3740000000000002 -6.258668432104189e-18
0.3750000000000002 -5.6836401275534405e-18
0.3760000000000002 -5.151125382404563e-18
0.3770000000000002 -4.658998831503127e-18
0.3780000000000002 -4.205117891788955e-18
0.3790000000000002 -3.7873438285755926e-18
0.3800000000000002 -3.4035597151523308e-18
0.3810000000000002 -3.0516855508511063e-18
0.38200000000000023 -2.7296907985376937e-18
0.38300000000000023 -2.4356045948076884e-18
0.38400000000000023 -2.1675238758227703e-18
0.38500000000000023 -1.923619649416352e-18
0.38600000000000023 -1.7021416304298327e-18
0.38700000000000023 -1.501421441709548e-18
0.38800000000000023 -1.3198745682159952e-18
0.38900000000000023 -1.1560012366075481e-18
0.39000000000000024 -1.0083863777322535e-18
0.39100000000000024 -8.756988149060731e-19
0.39200000000000024 -7.566898068389562e-19
0.39300000000000024 -6.501910607114487e-19
0.39400000000000024 -5.551123182915761e-19
0.39500000000000024 -4.704386061684582e-19
0.39600000000000024 -3.95227230198783e-19
0.39700000000000024 -3.2860458412507742e-19
0.39800000000000024 -2.6976283302556906e-19
0.39900000000000024 -2.179565237776387e-19
0.40000000000000024 -1.7249916703194608e-19
0.40100000000000025 -1.3275982826823817e-19
0.40200000000000025 -9.815975929598691e-20
0.40300000000000025 -6.816909603030181e-20
0.40400000000000025 -4.230364347015061e-20
0.40500000000000025 -2.0121764485281398e-20
0.40600000000000025 -1.221385234172723e-21
0.40700000000000025 1.4762873257989432e-20
0.40800000000000025 2.8162430679033886e-20
0.40900000000000025 3.927734592750185e-20
0.41000000000000025 4.837877636724494e-20
0.41100000000000025 5.57112974305829e-20
0.41200000000000025 6.149508362395908e-20
0.41300000000000026 6.59279531947112e-20
0.41400000000000026 6.918727969524173e-20
0.41500000000000026 7.143177445912855e-20
0.41600000000000026 7.280314460835482e-20
0.41700000000000026 7.342763166461758e-20
0.41800000000000026 7.341743616180427e-20
0.41900000000000026 7.287203386967233e-20
0.42000000000000026 7.187938935758745e-20
0.42100000000000026 7.051707266663118e-20
0.42200000000000026 6.885328483190395e-20
0.42300000000000026 6.694779791598194e-20
0.42400000000000027 6.485281508963155e-20
0.42500000000000027 6.261375613596042e-20
0.42600000000000027 6.026997356695814e-20
0.42700000000000027 5.785540433366814e-20
0.42800000000000027 5.539916188872685e-20
0.42900000000000027 5.292607312769821e-20
0.43000000000000027 5.045716449765679e-20
0.43100000000000027 4.801010132132954e-20
0.4320000000000003 4.55995841457204e-20
0.4330000000000003 4.323770568785699e-20
0.4340000000000003 4.0934271719081975e-20
0.4350000000000003 3.8697089004655476e-20
0.4360000000000003 3.653222319856631e-20
0.4370000000000003 3.444422938521799e-20
0.4380000000000003 3.2436357760741375e-20
0.4390000000000003 3.051073675748335e-20
0.4400000000000003 2.866853573601214e-20
0.4410000000000003 2.691010919980757e-20
0.4420000000000003 2.523512432869554e-20
0.4430000000000003 2.364267347787944e-20
0.4440000000000003 2.213137314988651e-20
0.4450000000000003 2.0699450816651463e-20
0.4460000000000003 1.9344820847932375e-20
0.4470000000000003 1.8065150689942672e-20
0.4480000000000003 1.685791833410601e-20
0.4490000000000003 1.572046201976293e-20
0.4500000000000003 1.4650023026080564e-20
0.4510000000000003 1.3643782326903534e-20
0.4520000000000003 1.2698891807411678e-20
0.4530000000000003 1.1812500672808618e-20
0.4540000000000003 1.0981777616442602e-20
0.4550000000000003 1.0203929257359732e-20
0.4560000000000003 9.47621530493774e-21
0.4570000000000003 8.795960860567026e-21
0.4580000000000003 8.160566223002333e-21
0.4590000000000003 7.567514524655746e-21
0.4600000000000003 7.014377490441693e-21
0.4610000000000003 6.498819578510536e-21
0.4620000000000003 6.018600733047324e-21
0.4630000000000003 5.571577953010178e-21
0.4640000000000003 5.155705856984509e-21
0.4650000000000003 4.769036403024059e-21
0.4660000000000003 4.409717903215132e-21
0.4670000000000003 4.0759934555486646e-21
0.4680000000000003 3.766198900334182e-21
0.4690000000000003 3.478760394673698e-21
0.4700000000000003 3.212191686279868e-21
0.4710000000000003 2.9650911570299875e-21
0.4720000000000003 2.7361386969668633e-21
0.4730000000000003 2.524092460870855e-21
0.4740000000000003 2.3277855519263463e-21
0.4750000000000003 2.1461226702902595e-21
0.4760000000000003 1.9780767584533304e-21
0.4770000000000003 1.8226856700796387e-21
0.4780000000000003 1.6790488844465606e-21
0.4790000000000003 1.5463242846148864e-21
0.4800000000000003 1.4237250139772766e-21
0.4810000000000003 1.3105164228070293e-21
0.4820000000000003 1.2060131138075682e-21
0.4830000000000003 1.1095760934008592e-21
0.4840000000000003 1.020610033550066e-21
0.4850000000000003 9.385606472500828e-22
0.4860000000000003 8.629121794075664e-22
0.4870000000000003 7.931850136388939e-22
0.4880000000000003 7.289333945142234e-22
0.4890000000000003 6.69743263944487e-22
0.4900000000000003 6.15230209724903e-22
0.4910000000000003 5.6503752369370055e-22
0.4920000000000003 5.1883436652237e-22
0.4930000000000003 4.763140358080222e-22
0.4940000000000003 4.371923338768329e-22
0.49500000000000033 4.0120603151742684e-22
0.49600000000000033 3.6811142373505885e-22
0.49700000000000033 3.376829735413337e-22
0.49800000000000033 3.0971203976268334e-22
0.49900000000000033 2.8400568485634804e-22
