0.1 4.879221467875686e-09
0.101 4.1344336720996886e-09
0.10200000000000001 2.815721092230025e-09
0.10300000000000001 3.2091554234341106e-09
0.10400000000000001 6.89345908883284e-09
0.10500000000000001 1.3282945399521428e-08
0.10600000000000001 1.969203489564346e-08
0.10700000000000001 2.2936758011808924e-08
0.10800000000000001 2.132233934777432e-08
0.10900000000000001 1.5625389175707063e-08
0.11000000000000001 8.490662407858838e-09
0.11100000000000002 2.8031583708671314e-09
0.11200000000000002 1.8436727062539483e-10
0.11300000000000002 4.751662520711288e-10
0.11400000000000002 2.2818498810317066e-09
0.11500000000000002 4.013617648699837e-09
0.11600000000000002 4.7098760069314996e-09
0.11700000000000002 4.278231781724378e-09
0.11800000000000002 3.2072946793468637e-09
0.11900000000000002 2.084860807337768e-09
0.12000000000000002 1.2508397466842888e-09
0.12100000000000002 7.387505346229763e-10
0.12200000000000003 4.6170650749429365e-10
0.12300000000000003 4.823307076496855e-10
0.12400000000000003 1.1950416712396263e-09
0.12500000000000003 3.313948964171992e-09
0.12600000000000003 7.65531947744532e-09
0.12700000000000003 1.4792314675944126e-08
0.12800000000000003 2.4715114213902027e-08
0.12900000000000003 3.6636077965727276e-08
0.13000000000000003 4.903466879336256e-08
0.13100000000000003 5.995436076769488e-08
0.13200000000000003 6.747259416015889e-08
0.13300000000000003 7.019933201138589e-08
0.13400000000000004 6.764549677004577e-08
0.13500000000000004 6.034505542224783e-08
0.13600000000000004 4.969697594198109e-08
0.13700000000000004 3.758424220361625e-08
0.13800000000000004 2.589395234432481e-08
0.13900000000000004 1.6084132538600418e-08
0.14000000000000004 8.916343057724928e-09
0.14100000000000004 4.412418551382681e-09
0.14200000000000004 2.022301703599493e-09
0.14300000000000004 9.314178042461288e-10
0.14400000000000004 4.060912911891918e-10
0.14500000000000005 7.83587683314735e-11
0.14600000000000005 1.0085632514959018e-10
0.14700000000000005 1.1454483015465923e-09
0.14800000000000005 4.261832955879289e-09
0.14900000000000005 1.0643501642363313e-08
0.15000000000000005 2.136260535497172e-08
0.15100000000000005 3.7132631769973414e-08
0.15200000000000005 5.8142670142617565e-08
0.15300000000000005 8.39857766681602e-08
0.15400000000000005 1.1368271320756964e-07
0.15500000000000005 1.4578561330075538e-07
0.15600000000000006 1.7853613768268063e-07
0.15700000000000006 2.100494916539481e-07
0.15800000000000006 2.384978826694539e-07
0.15900000000000006 2.6227252752036785e-07
0.16000000000000006 2.801101498675018e-07
0.16100000000000006 2.9117651623374854e-07
0.16200000000000006 2.9510508169789675e-07
0.16300000000000006 2.9199299002473157e-07
0.16400000000000006 2.823596240167277e-07
0.16500000000000006 2.670749185992646e-07
0.16600000000000006 2.472659959331523e-07
0.16700000000000007 2.2421149978093855e-07
0.16800000000000007 1.992333004788742e-07
0.16900000000000007 1.7359493146207728e-07
0.17000000000000007 1.4841511545039105e-07
0.17100000000000007 1.246030216491739e-07
0.17200000000000007 1.0281955505338457e-07
0.17300000000000007 8.346622485225261e-08
0.17400000000000007 6.670027199787914e-08
0.17500000000000007 5.247209644687834e-08
0.17600000000000007 4.0578931060183845e-08
0.17700000000000007 3.072740392306429e-08
0.17800000000000007 2.259724203505221e-08
0.17900000000000008 1.5898895788492752e-08
0.18000000000000008 1.0419182889999619e-08
0.18100000000000008 6.050945115614602e-09
0.18200000000000008 2.804908030481242e-09
0.18300000000000008 8.041454114083876e-10
0.18400000000000008 2.6351528991210745e-10
0.18500000000000008 1.4579487366123708e-09
0.18600000000000008 4.6844070879241845e-09
0.18700000000000008 1.022263206178257e-08
0.18800000000000008 1.8299527386412338e-08
0.18900000000000008 2.906122499894066e-08
0.19000000000000009 4.2555742352144575e-08
0.1910000000000001 5.8727790830228417e-08
0.1920000000000001 7.74259107847367e-08
0.1930000000000001 9.84208316568524e-08
0.1940000000000001 1.2143290169700257e-07
0.1950000000000001 1.4616567911249052e-07
0.1960000000000001 1.7234236335593602e-07
0.1970000000000001 1.997416722378154e-07
0.1980000000000001 2.2823000601659247e-07
0.1990000000000001 2.5778722779585154e-07
0.2000000000000001 2.885240593843656e-07
0.2010000000000001 3.206898658175593e-07
0.2020000000000001 3.5467040413601594e-07
0.2030000000000001 3.9097587491955304e-07
0.2040000000000001 4.302202832368753e-07
0.2050000000000001 4.7309364912595805e-07
0.2060000000000001 5.203289826689421e-07
0.2070000000000001 5.726661468815761e-07
0.2080000000000001 6.308147784129034e-07
0.2090000000000001 6.954183379284592e-07
0.2100000000000001 7.670211435481158e-07
0.2110000000000001 8.460399312550468e-07
0.2120000000000001 9.327411171743952e-07
0.2130000000000001 1.0272245388276253e-06
0.2140000000000001 1.1294140540369564e-06
0.2150000000000001 1.2390550010652256e-06
0.2160000000000001 1.3557181907480414e-06
0.2170000000000001 1.4788098242404745e-06
0.2180000000000001 1.6075865165818867e-06
0.2190000000000001 1.7411744595671086e-06
0.2200000000000001 1.8785916760483918e-06
0.2210000000000001 2.0187722968840385e-06
0.22200000000000011 2.1605918237813313e-06
0.22300000000000011 2.302892416999292e-06
0.22400000000000012 2.4445073561288084e-06
0.22500000000000012 2.584283954653794e-06
0.22600000000000012 2.721104354852891e-06
0.22700000000000012 2.8539037798894377e-06
0.22800000000000012 2.981685966954729e-06
0.22900000000000012 3.1035356428215342e-06
0.23000000000000012 3.218628026366868e-06
0.23100000000000012 3.3262354482939597e-06
0.23200000000000012 3.42573126453239e-06
0.23300000000000012 3.5165913060100597e-06
0.23400000000000012 3.5983931540591048e-06
0.23500000000000013 3.670813558904403e-06
0.23600000000000013 3.733624330335979e-06
0.23700000000000013 3.7866870270820306e-06
0.23800000000000013 3.8299467570894726e-06
0.23900000000000013 3.863425377473408e-06
0.24000000000000013 3.887214352844902e-06
0.24100000000000013 3.9014674964329944e-06
0.24200000000000013 3.906393781992853e-06
0.24300000000000013 3.902250377776517e-06
0.24400000000000013 3.889336018333695e-06
0.24500000000000013 3.867984796793242e-06
0.24600000000000014 3.838560430420549e-06
0.24700000000000014 3.80145102621815e-06
0.24800000000000014 3.757064351448297e-06
0.24900000000000014 3.705823596291405e-06
0.2500000000000001 3.6481636023029553e-06
0.2510000000000001 3.5845275206459643e-06
0.2520000000000001 3.5153638578964136e-06
0.2530000000000001 3.441123864104632e-06
0.2540000000000001 3.3622592172814463e-06
0.2550000000000001 3.2792199600627023e-06
0.2560000000000001 3.192452647518963e-06
0.2570000000000001 3.1023986694545178e-06
0.2580000000000001 3.009492715671359e-06
0.2590000000000001 2.914161358189212e-06
0.2600000000000001 2.8168217299979423e-06
0.2610000000000001 2.717880285317594e-06
0.2620000000000001 2.617731631350094e-06
0.2630000000000001 2.5167574259762735e-06
0.2640000000000001 2.4153253396818362e-06
0.2650000000000001 2.3137880831298966e-06
0.2660000000000001 2.2124825042152824e-06
0.2670000000000001 2.1117287601507077e-06
0.2680000000000001 2.0118295711844687e-06
0.26900000000000013 1.913069562990097e-06
0.27000000000000013 1.8157147046732205e-06
0.27100000000000013 1.7200118487867492e-06
0.27200000000000013 1.62618837882e-06
0.27300000000000013 1.5344519684120867e-06
0.27400000000000013 1.4449904551189625e-06
0.27500000000000013 1.3579718300140856e-06
0.27600000000000013 1.2735443427940975e-06
0.27700000000000014 1.191836720457311e-06
0.27800000000000014 1.1129584960766588e-06
0.27900000000000014 1.0370004427442257e-06
0.28000000000000014 9.640351064588698e-07
0.28100000000000014 8.941174305851626e-07
0.28200000000000014 8.272854635519799e-07
0.28300000000000014 7.635611406908856e-07
0.28400000000000014 7.029511305432929e-07
0.28500000000000014 6.454477355879532e-07
0.28600000000000014 5.910298371503637e-07
0.28700000000000014 5.396638742417539e-07
0.28800000000000014 4.913048462231649e-07
0.28900000000000015 4.45897329483009e-07
0.29000000000000015 4.033764987368775e-07
0.29100000000000015 3.6366914408652234e-07
0.29200000000000015 3.266946755918253e-07
0.29300000000000015 2.923661077968191e-07
0.29400000000000015 2.605910173885228e-07
0.29500000000000015 2.3127246794031664e-07
0.29600000000000015 2.0430989648151226e-07
0.29700000000000015 1.7959995742873607e-07
0.29800000000000015 1.5703732019901362e-07
0.29900000000000015 1.3651541758757435e-07
0.30000000000000016 1.179271427262303e-07
0.30100000000000016 1.0116549313227705e-07
0.30200000000000016 8.612416100708143e-08
0.30300000000000016 7.269806954288636e-08
0.30400000000000016 6.078385554246599e-08
0.30500000000000016 5.0280299147066906e-08
0.30600000000000016 4.1088701902199414e-08
0.30700000000000016 3.311321476889518e-08
0.30800000000000016 2.626111801048492e-08
0.30900000000000016 2.0443055153641927e-08
0.31000000000000016 1.5573223439749776e-08
0.31100000000000017 1.1569523351313103e-08
0.31200000000000017 8.353669921344746e-09
0.31300000000000017 5.851268614979615e-09
0.31400000000000017 3.99185861563098e-09
0.31500000000000017 2.708926356566846e-09
0.31600000000000017 1.939892116656346e-09
0.31700000000000017 1.6260724500947338e-09
0.31800000000000017 1.7126211475505544e-09
0.3190000000000002 2.1484513343207526e-09
0.3200000000000002 2.8861412027384936e-09
0.3210000000000002 3.8818257545872735e-09
0.3220000000000002 5.0950767976144425e-09
0.3230000000000002 6.4887733009416855e-09
0.3240000000000002 8.028964069907729e-09
0.3250000000000002 9.684724553673188e-09
0.3260000000000002 1.142800945092981e-08
0.3270000000000002 1.3233502631829546e-08
0.3280000000000002 1.5078465749457952e-08
0.3290000000000002 1.6942586772959875e-08
0.3300000000000002 1.8807829537993397e-08
0.3310000000000002 2.065828527927835e-08
0.3320000000000002 2.2480026985424074e-08
0.3330000000000002 2.4260967298487615e-08
0.3340000000000002 2.5990720570131197e-08
0.3350000000000002 2.7660469583195966e-08
0.3360000000000002 2.926283735201946e-08
0.3370000000000002 3.079176432696477e-08
0.3380000000000002 3.224239124835822e-08
0.3390000000000002 3.361094782216443e-08
0.3400000000000002 3.489464732409371e-08
0.3410000000000002 3.6091587180196354e-08
0.3420000000000002 3.720065551998751e-08
0.3430000000000002 3.822144365250283e-08
0.3440000000000002 3.915416437601618e-08
0.3450000000000002 3.999957599808497e-08
0.3460000000000002 4.075891191374691e-08
0.3470000000000002 4.143381556566932e-08
0.3480000000000002 4.20262805905123e-08
0.3490000000000002 4.2538595940234756e-08
0.3500000000000002 4.2973295755271216e-08
0.3510000000000002 4.3333113758000614e-08
0.3520000000000002 4.362094192943071e-08
0.3530000000000002 4.383979322911748e-08
0.3540000000000002 4.399276811782266e-08
0.3550000000000002 4.408302464389097e-08
0.3560000000000002 4.4113751857566084e-08
0.3570000000000002 4.408814632223863e-08
0.3580000000000002 4.400939149760117e-08
0.3590000000000002 4.388063977677421e-08
0.3600000000000002 4.370499696734855e-08
0.3610000000000002 4.348550901488539e-08
0.3620000000000002 4.322515077648551e-08
0.3630000000000002 4.2926816661479546e-08
0.3640000000000002 4.259331296597826e-08
0.3650000000000002 4.222735173779945e-08
0.3660000000000002 4.183154601810862e-08
0.3670000000000002 4.1408406315852154e-08
0.3680000000000002 4.096033818066685e-08
0.3690000000000002 4.048964074934253e-08
0.3700000000000002 3.999850615006799e-08
0.3710000000000002 3.948901965752881e-08
0.3720000000000002 3.8963160500435616e-08
0.3730000000000002 3.842280323122833e-08
0.3740000000000002 3.786971957545555e-08
0.3750000000000002 3.730558068572637e-08
0.3760000000000002 3.6731959732107594e-08
0.3770000000000002 3.6150334767412535e-08
0.3780000000000002 3.5562091812002706e-08
0.3790000000000002 3.496852810849666e-08
0.3800000000000002 3.437085550215964e-08
0.3810000000000002 3.3770203907741035e-08
0.38200000000000023 3.3167624828154134e-08
0.38300000000000023 3.2564094894653725e-08
0.38400000000000023 3.196051940209135e-08
0.38500000000000023 3.135773581641369e-08
0.38600000000000023 3.0756517234851846e-08
0.38700000000000023 3.0157575782225885e-08
0.38800000000000023 2.9561565929494428e-08
0.38900000000000023 2.8969087723111366e-08
0.39000000000000024 2.838068991594753e-08
0.39100000000000024 2.7796872992492856e-08
0.39200000000000024 2.721809208280449e-08
0.39300000000000024 2.6644759761212748e-08
0.39400000000000024 2.6077248727164255e-08
0.39500000000000024 2.5515894366778456e-08
0.39600000000000024 2.4960997194733007e-08
0.39700000000000024 2.4412825177002125e-08
0.39800000000000024 2.3871615935733433e-08
0.39900000000000024 2.3337578838214568e-08
0.40000000000000024 2.2810896972420096e-08
0.40100000000000025 2.2291729012092436e-08
0.40200000000000025 2.178021097467103e-08
0.40300000000000025 2.1276457875679616e-08
0.40400000000000025 2.0780565283406355e-08
0.40500000000000025 2.0292610777869067e-08
0.40600000000000025 1.98126553181761e-08
0.40700000000000025 1.9340744522451615e-08
0.40800000000000025 1.887690986451886e-08
0.40900000000000025 1.8421169791526922e-08
0.41000000000000025 1.79735307666596e-08
0.41100000000000025 1.753398824100577e-08
0.41200000000000025 1.7102527558576167e-08
0.41300000000000026 1.667912479835179e-08
0.41400000000000026 1.6263747557128415e-08
0.41500000000000026 1.5856355676789893e-08
0.41600000000000026 1.5456901919505985e-08
0.41700000000000026 1.5065332594205133e-08
0.41800000000000026 1.4681588137522744e-08
0.41900000000000026 1.4305603652272427e-08
0.42000000000000026 1.393730940633932e-08
0.42100000000000026 1.357663129473559e-08
0.42200000000000026 1.3223491267414444e-08
0.42300000000000026 1.287780772528561e-08
0.42400000000000027 1.2539495886732901e-08
0.42500000000000027 1.2208468126792236e-08
0.42600000000000027 1.1884634291013258e-08
0.42700000000000027 1.1567901985895356e-08
0.42800000000000027 1.1258176847661666e-08
0.42900000000000027 1.0955362791016125e-08
0.43000000000000027 1.0659362239411303e-08
0.43100000000000027 1.0370076338245735e-08
0.4320000000000003 1.0087405152306584e-08
0.4330000000000003 9.81124784867397e-09
0.4340000000000003 9.541502866212199e-09
0.4350000000000003 9.278068072684657e-09
0.4360000000000003 9.02084091044956e-09
0.4370000000000003 8.769718531615784e-09
0.4380000000000003 8.524597923467947e-09
0.4390000000000003 8.285376024902734e-09
0.4400000000000003 8.051949834558172e-09
0.4410000000000003 7.824216511259079e-09
0.4420000000000003 7.602073467349543e-09
0.4430000000000003 7.385418455435544e-09
0.4440000000000003 7.174149649014036e-09
0.4450000000000003 6.968165717424646e-09
0.4460000000000003 6.767365895522294e-09
0.4470000000000003 6.571650048433303e-09
0.4480000000000003 6.38091873172674e-09
0.4490000000000003 6.195073247303304e-09
0.4500000000000003 6.01401569527727e-09
0.4510000000000003 5.8376490221037744e-09
0.4520000000000003 5.665877065181292e-09
0.4530000000000003 5.498604594139387e-09
0.4540000000000003 5.335737349004398e-09
0.4550000000000003 5.177182075419073e-09
0.4560000000000003 5.022846557078114e-09
0.4570000000000003 4.872639645527974e-09
0.4580000000000003 4.726471287468125e-09
0.4590000000000003 4.584252549679895e-09
0.4600000000000003 4.445895641700004e-09
0.4610000000000003 4.311313936347351e-09
0.4620000000000003 4.180421988203779e-09
0.4630000000000003 4.053135550143659e-09
0.4640000000000003 3.92937158800012e-09
0.4650000000000003 3.8090482934511045e-09
0.4660000000000003 3.6920850952038256e-09
0.4670000000000003 3.5784026685512606e-09
0.4680000000000003 3.467922943371323e-09
0.4690000000000003 3.360569110635549e-09
0.4700000000000003 3.256265627491494e-09
0.4710000000000003 3.154938220979949e-09
0.4720000000000003 3.056513890446251e-09
0.4730000000000003 2.960920908702142e-09
0.4740000000000003 2.8680888219935366e-09
0.4750000000000003 2.7779484488267905e-09
0.4760000000000003 2.6904318777055076e-09
0.4770000000000003 2.6054724638275023e-09
0.4780000000000003 2.5230048247909367e-09
0.4790000000000003 2.4429648353568417e-09
0.4800000000000003 2.3652896213142144e-09
0.4810000000000003 2.2899175524928295e-09
0.4820000000000003 2.216788234967793e-09
0.4830000000000003 2.1458425024985574e-09
0.4840000000000003 2.077022407244524e-09
0.4850000000000003 2.0102712097979617e-09
0.4860000000000003 1.9455333685742714e-09
0.4870000000000003 1.8827545285985377e-09
0.4880000000000003 1.8218815097263327e-09
0.4890000000000003 1.762862294335822e-09
0.4900000000000003 1.7056460145273514e-09
0.4910000000000003 1.6501829388654627e-09
0.4920000000000003 1.5964244586977871e-09
0.4930000000000003 1.5443230740837523e-09
0.4940000000000003 1.4938323793656578e-09
0.49500000000000033 1.444907048413201e-09
0.49600000000000033 1.3975028195719387e-09
0.49700000000000033 1.3515764803450367e-09
0.49800000000000033 1.307085851836703e-09
0.49900000000000033 1.2639897729847695e-09
