0.1 2.2156576933056353e-11
0.101 3.69710745479386e-12
0.10200000000000001 -8.866257712313926e-11
0.10300000000000001 -2.5951099905935215e-10
0.10400000000000001 -4.624771580543886e-10
0.10500000000000001 -6.206966236089786e-10
0.10600000000000001 -6.70092025519767e-10
0.10700000000000001 -5.952026104277355e-10
0.10800000000000001 -4.3417253884260295e-10
0.10900000000000001 -2.529543264762983e-10
0.11000000000000001 -1.0899453231352364e-10
0.11100000000000002 -2.7483121947264074e-11
0.11200000000000002 -3.307645420539052e-13
0.11300000000000002 -1.9939905521594923e-12
0.11400000000000002 -8.428634712905554e-12
0.11500000000000002 -8.177809071574822e-12
0.11600000000000002 -2.6340758990117386e-12
0.11700000000000002 7.553139677208339e-13
0.11800000000000002 -3.6568709105435915e-12
0.11900000000000002 -1.524042687015985e-11
0.12000000000000002 -2.7445399514970256e-11
0.12100000000000002 -3.1912292127359636e-11
0.12200000000000003 -2.38534450493999e-11
0.12300000000000003 -5.9752151800907156e-12
0.12400000000000003 1.1045449722127238e-11
0.12500000000000003 1.202123786414605e-11
0.12600000000000003 -1.661339387953167e-11
0.12700000000000003 -8.055470255288418e-11
0.12800000000000003 -1.74012822366155e-10
0.12900000000000003 -2.804068822664908e-10
0.13000000000000003 -3.7721181934330465e-10
0.13100000000000003 -4.4304952416281726e-10
0.13200000000000003 -4.642641566858077e-10
0.13300000000000003 -4.38589229338197e-10
0.13400000000000004 -3.748361517605542e-10
0.13500000000000004 -2.8914474727042254e-10
0.13600000000000004 -1.9953047291394637e-10
0.13700000000000004 -1.2081691782102176e-10
0.13800000000000004 -6.155049852125121e-11
0.13900000000000004 -2.3497052940554922e-11
0.14000000000000004 -3.294905568433203e-12
0.14100000000000004 4.8203999414767995e-12
0.14200000000000004 6.427357555470896e-12
0.14300000000000004 5.329977695279088e-12
0.14400000000000004 3.254304545241546e-12
0.14500000000000005 5.659234790489147e-13
0.14600000000000005 -2.5790850069177062e-12
0.14700000000000005 -5.267457525666954e-12
0.14800000000000005 -5.4549137351424185e-12
0.14900000000000005 -2.73541816107457e-13
0.15000000000000005 1.3182825709450876e-11
0.15100000000000005 3.696177376362693e-11
0.15200000000000005 7.161136620309884e-11
0.15300000000000005 1.1602941353955379e-10
0.15400000000000005 1.6783862838061025e-10
0.15500000000000005 2.2413651653085796e-10
0.15600000000000006 2.8235353088107957e-10
0.15700000000000006 3.4093603754402166e-10
0.15800000000000006 3.9964408466473065e-10
0.15900000000000006 4.5938407411953146e-10
0.16000000000000006 5.216382332711808e-10
0.16100000000000006 5.876648315235713e-10
0.16200000000000006 6.576982820800084e-10
0.16300000000000006 7.303685992363321e-10
0.16400000000000006 8.024950162391384e-10
0.16500000000000006 8.69311120118069e-10
0.16600000000000006 9.250756421294399e-10
0.16700000000000007 9.639386201432972e-10
0.16800000000000007 9.808838476547385e-10
0.16900000000000007 9.725619171792207e-10
0.17000000000000007 9.378603266318152e-10
0.17100000000000007 8.781169936754568e-10
0.17200000000000007 7.969559821774532e-10
0.17300000000000007 6.997937984205686e-10
0.17400000000000007 5.931185230597663e-10
0.17500000000000007 4.836743091677166e-10
0.17600000000000007 3.7768785869975686e-10
0.17700000000000007 2.802538829675791e-10
0.17800000000000007 1.9495952010876055e-10
0.17900000000000008 1.2378155739976445e-10
0.18000000000000008 6.724374603557177e-11
0.18100000000000008 2.478199918340975e-11
0.18200000000000008 -4.761852939816119e-12
0.18300000000000008 -2.2609167643088078e-11
0.18400000000000008 -2.956493745152678e-11
0.18500000000000008 -2.5662337889058563e-11
0.18600000000000008 -9.979389700093446e-12
0.18700000000000008 1.9353470910273044e-11
0.18800000000000008 6.496527585792087e-11
0.18900000000000008 1.2991138855924502e-10
0.19000000000000009 2.1724916705521608e-10
0.1910000000000001 3.2958605390500426e-10
0.1920000000000001 4.686646990766813e-10
0.1930000000000001 6.350426574061671e-10
0.1940000000000001 8.279107384138085e-10
0.1950000000000001 1.0450764056416768e-09
0.1960000000000001 1.2831191134679284e-09
0.1970000000000001 1.5377054268296917e-09
0.1980000000000001 1.804035157796259e-09
0.1990000000000001 2.077377044496762e-09
0.2000000000000001 2.3536445907286474e-09
0.2010000000000001 2.629959895313372e-09
0.2020000000000001 2.905155416997237e-09
0.2030000000000001 3.1801699998057315e-09
0.2040000000000001 3.458305172700874e-09
0.2050000000000001 3.745319606447835e-09
0.2060000000000001 4.049352479207769e-09
0.2070000000000001 4.38067924908713e-09
0.2080000000000001 4.7513149809334175e-09
0.2090000000000001 5.174490155561703e-09
0.2100000000000001 5.6640312694968335e-09
0.2110000000000001 6.233683224501384e-09
0.2120000000000001 6.896412452445557e-09
0.2130000000000001 7.663729068255657e-09
0.2140000000000001 8.545063399353793e-09
0.2150000000000001 9.547227427781977e-09
0.2160000000000001 1.0673985494175263e-08
0.2170000000000001 1.1925751569414447e-08
0.2180000000000001 1.3299423005916808e-08
0.2190000000000001 1.4788353397833731e-08
0.2200000000000001 1.638246040295617e-08
0.2210000000000001 1.8068458422349954e-08
0.22200000000000011 1.9830201121887218e-08
0.22300000000000011 2.1649115049630457e-08
0.22400000000000012 2.3504703108118203e-08
0.22500000000000012 2.5375095361268847e-08
0.22600000000000012 2.7237624510883212e-08
0.22700000000000012 2.906940423941731e-08
0.22800000000000012 3.084789032248067e-08
0.22900000000000012 3.255140678577299e-08
0.23000000000000012 3.415962222904576e-08
0.23100000000000012 3.565396458029823e-08
0.23200000000000012 3.7017965804827426e-08
0.23300000000000012 3.823753132322153e-08
0.23400000000000012 3.9301131960008006e-08
0.23500000000000013 4.0199919046659505e-08
0.23600000000000013 4.092776576135181e-08
0.23700000000000013 4.148123985171344e-08
0.23800000000000013 4.185951452811952e-08
0.23900000000000013 4.206422552763324e-08
0.24000000000000013 4.209928314452517e-08
0.24100000000000013 4.1970648429248034e-08
0.24200000000000013 4.168608281181919e-08
0.24300000000000013 4.1254880153850183e-08
0.24400000000000013 4.0687589726542773e-08
0.24500000000000013 3.9995737902461687e-08
0.24600000000000014 3.919155548894008e-08
0.24700000000000014 3.8287716670169186e-08
0.24800000000000014 3.729709450911382e-08
0.24900000000000014 3.6232536930079924e-08
0.2500000000000001 3.5106666092927056e-08
0.2510000000000001 3.393170310949722e-08
0.2520000000000001 3.2719319164593916e-08
0.2530000000000001 3.1480513304563385e-08
0.2540000000000001 3.02255164576363e-08
0.2550000000000001 2.896372065785694e-08
0.2560000000000001 2.770363196069573e-08
0.2570000000000001 2.6452845161400916e-08
0.2580000000000001 2.5218038152015372e-08
0.2590000000000001 2.400498357250713e-08
0.2600000000000001 2.2818575316681943e-08
0.2610000000000001 2.166286743435355e-08
0.2620000000000001 2.0541123016872855e-08
0.2630000000000001 1.9455870752610268e-08
0.2640000000000001 1.8408966981571477e-08
0.2650000000000001 1.7401661253720782e-08
0.2660000000000001 1.643466359419606e-08
0.2670000000000001 1.550821189173858e-08
0.2680000000000001 1.4622138046618241e-08
0.26900000000000013 1.3775931734448296e-08
0.27000000000000013 1.2968800856973494e-08
0.27100000000000013 1.2199727955617951e-08
0.27200000000000013 1.146752205477044e-08
0.27300000000000013 1.0770865576824266e-08
0.27400000000000013 1.010835612811532e-08
0.27500000000000013 9.478543093092196e-09
0.27600000000000013 8.879959092921957e-09
0.27700000000000014 8.311146464473902e-09
0.27800000000000014 7.770678996852074e-09
0.27900000000000014 7.25717922634904e-09
0.28000000000000014 6.769331638142859e-09
0.28100000000000014 6.305892155684574e-09
0.28200000000000014 5.865694318121387e-09
0.28300000000000014 5.447652553889516e-09
0.28400000000000014 5.050762956448221e-09
0.28500000000000014 4.674101957616094e-09
0.28600000000000014 4.316823276664109e-09
0.28700000000000014 3.9781535006653976e-09
0.28800000000000014 3.6573866249380467e-09
0.28900000000000015 3.3538778529535627e-09
0.29000000000000015 3.0670369239034584e-09
0.29100000000000015 2.7963212041543038e-09
0.29200000000000015 2.5412287468840424e-09
0.29300000000000015 2.3012914929591024e-09
0.29400000000000015 2.0760687561178744e-09
0.29500000000000015 1.8651411072219245e-09
0.29600000000000015 1.668104746029291e-09
0.29700000000000015 1.4845664248773437e-09
0.29800000000000015 1.31413896697572e-09
0.29900000000000015 1.1564374027720537e-09
0.30000000000000016 1.0110757310773697e-09
0.30100000000000016 8.776642972756993e-10
0.30200000000000016 7.558077689081577e-10
0.30300000000000016 6.451036790937007e-10
0.30400000000000016 5.451415004805437e-10
0.30500000000000016 4.555022065498762e-10
0.30600000000000016 3.7575827293728816e-10
0.30700000000000016 3.05474068819234e-10
0.30800000000000016 2.4420658714404896e-10
0.30900000000000016 1.9150646238946468e-10
0.31000000000000016 1.4691922542645189e-10
0.31100000000000017 1.0998674679486204e-10
0.31200000000000017 8.024882209267905e-11
0.31300000000000017 5.72448561041632e-11
0.31400000000000017 4.0515605609729714e-11
0.31500000000000017 2.9604944413461974e-11
0.31600000000000017 2.4061617886759138e-11
0.31700000000000017 2.344095816804403e-11
0.31800000000000017 2.730653499573448e-11
0.3190000000000002 3.523172092221189e-11
0.3200000000000002 4.680115330030335e-11
0.3210000000000002 6.161207890797187e-11
0.3220000000000002 7.927557034656041e-11
0.3230000000000002 9.941760638486336e-11
0.3240000000000002 1.2168001120949903e-10
0.3250000000000002 1.4572125006788632e-10
0.3260000000000002 1.7121708105075698e-10
0.3270000000000002 1.978610647541521e-10
0.3280000000000002 2.2536493529286707e-10
0.3290000000000002 2.5345883761475385e-10
0.3300000000000002 2.8189143730077623e-10
0.3310000000000002 3.104299100410345e-10
0.3320000000000002 3.388598187682563e-10
0.3330000000000002 3.669848870240038e-10
0.3340000000000002 3.946266775446065e-10
0.3350000000000002 4.2162418530312604e-10
0.3360000000000002 4.478333543461148e-10
0.3370000000000002 4.731265277376442e-10
0.3380000000000002 4.973918397848059e-10
0.3390000000000002 5.205325594839535e-10
0.3400000000000002 5.424663938111627e-10
0.3410000000000002 5.631247590981322e-10
0.3420000000000002 5.824520282982788e-10
0.3430000000000002 6.004047614705411e-10
0.3440000000000002 6.169509263005571e-10
0.3450000000000002 6.320691149509941e-10
0.3460000000000002 6.457477629933989e-10
0.3470000000000002 6.579843756310281e-10
0.3480000000000002 6.687847658831025e-10
0.3490000000000002 6.781623088705156e-10
0.3500000000000002 6.861372158275901e-10
0.3510000000000002 6.927358309671154e-10
0.3520000000000002 6.979899538509289e-10
0.3530000000000002 7.019361894671312e-10
0.3540000000000002 7.046153277913604e-10
0.3550000000000002 7.060717542132275e-10
0.3560000000000002 7.063528918418043e-10
0.3570000000000002 7.055086763666375e-10
0.3580000000000002 7.035910638420646e-10
0.3590000000000002 7.006535714839343e-10
0.3600000000000002 6.967508513169602e-10
0.3610000000000002 6.919382962884804e-10
0.3620000000000002 6.862716782682308e-10
0.3630000000000002 6.79806817183222e-10
0.3640000000000002 6.725992803907184e-10
0.3650000000000002 6.647041112686885e-10
0.3660000000000002 6.561755859010253e-10
0.3670000000000002 6.470669966525315e-10
0.3680000000000002 6.374304613646263e-10
0.3690000000000002 6.273167568553759e-10
0.3700000000000002 6.167751753755536e-10
0.3710000000000002 6.058534026541131e-10
0.3720000000000002 5.945974161605427e-10
0.3730000000000002 5.830514022168815e-10
0.3740000000000002 5.712576906067014e-10
0.3750000000000002 5.592567053518569e-10
0.3760000000000002 5.470869303582549e-10
0.3770000000000002 5.347848886686331e-10
0.3780000000000002 5.223851341022897e-10
0.3790000000000002 5.099202541078826e-10
0.3800000000000002 4.974208827050115e-10
0.3810000000000002 4.849157224424111e-10
0.38200000000000023 4.72431574354727e-10
0.38300000000000023 4.599933749550844e-10
0.38400000000000023 4.476242393567349e-10
0.38500000000000023 4.3534550967313494e-10
0.38600000000000023 4.2317680790176263e-10
0.38700000000000023 4.111360925520993e-10
0.38800000000000023 3.9923971833245424e-10
0.38900000000000023 3.875024982631072e-10
0.39000000000000024 3.7593776763462755e-10
0.39100000000000024 3.645574492797555e-10
0.39200000000000024 3.5337211967492523e-10
0.39300000000000024 3.423910754330934e-10
0.39400000000000024 3.31622399793056e-10
0.39500000000000024 3.2107302875169586e-10
0.39600000000000024 3.1074881652461415e-10
0.39700000000000024 3.006546000574647e-10
0.39800000000000024 2.907942623447006e-10
0.39900000000000024 2.8117079434482844e-10
0.40000000000000024 2.7178635531122536e-10
0.40100000000000025 2.626423313855751e-10
0.40200000000000025 2.5373939232668413e-10
0.40300000000000025 2.4507754627123223e-10
0.40400000000000025 2.366561924448278e-10
0.40500000000000025 2.2847417176154918e-10
0.40600000000000025 2.2052981526835364e-10
0.40700000000000025 2.1282099040704264e-10
0.40800000000000025 2.0534514508123247e-10
0.40900000000000025 1.980993495290263e-10
0.41000000000000025 1.9108033601378157e-10
0.41100000000000025 1.8428453635584366e-10
0.41200000000000025 1.7770811733717246e-10
0.41300000000000026 1.7134701401879125e-10
0.41400000000000026 1.651969610178163e-10
0.41500000000000026 1.5925352179664302e-10
0.41600000000000026 1.5351211602177173e-10
0.41700000000000026 1.4796804505379614e-10
0.41800000000000026 1.4261651563329814e-10
0.41900000000000026 1.374526618299244e-10
0.42000000000000026 1.3247156532382255e-10
0.42100000000000026 1.2766827408983666e-10
0.42200000000000026 1.2303781955568485e-10
0.42300000000000026 1.18575232305567e-10
0.42400000000000027 1.1427555640053833e-10
0.42500000000000027 1.1013386238644559e-10
0.42600000000000027 1.0614525905940167e-10
0.42700000000000027 1.0230490405762923e-10
0.42800000000000027 9.86080133471134e-11
0.42900000000000027 9.504986966695254e-11
0.43000000000000027 9.162582999849239e-11
0.43100000000000027 8.833133212043193e-11
0.4320000000000003 8.516190031006057e-11
0.4330000000000003 8.211315024864421e-11
0.4340000000000003 7.918079318679101e-11
0.4350000000000003 7.636063942336292e-11
0.4360000000000003 7.364860114922842e-11
0.4370000000000003 7.104069470483961e-11
0.4380000000000003 6.853304229832116e-11
0.4390000000000003 6.612187322845948e-11
0.4400000000000003 6.380352465472339e-11
0.4410000000000003 6.157444195419673e-11
0.4420000000000003 5.943117870311545e-11
0.4430000000000003 5.737039631855716e-11
0.4440000000000003 5.538886339373024e-11
0.4450000000000003 5.348345475827744e-11
0.4460000000000003 5.165115029304927e-11
0.4470000000000003 4.988903352688336e-11
0.4480000000000003 4.819429004110788e-11
0.4490000000000003 4.656420570571938e-11
0.4500000000000003 4.4996164769494176e-11
0.4510000000000003 4.348764782468517e-11
0.4520000000000003 4.2036229665409086e-11
0.4530000000000003 4.063957705736234e-11
0.4540000000000003 3.929544643511063e-11
0.4550000000000003 3.800168154187324e-11
0.4560000000000003 3.67562110254718e-11
0.4570000000000003 3.555704600292809e-11
0.4580000000000003 3.440227760508329e-11
0.4590000000000003 3.329007451155825e-11
0.4600000000000003 3.221868048538857e-11
0.4610000000000003 3.118641191574681e-11
0.4620000000000003 3.0191655376292235e-11
0.4630000000000003 2.923286520588825e-11
0.4640000000000003 2.830856111766674e-11
0.4650000000000003 2.7417325841720352e-11
0.4660000000000003 2.6557802806055293e-11
0.4670000000000003 2.572869385982733e-11
0.4680000000000003 2.4928757042331363e-11
0.4690000000000003 2.4156804400696348e-11
0.4700000000000003 2.3411699858765782e-11
0.4710000000000003 2.2692357139205028e-11
0.4720000000000003 2.1997737740481858e-11
0.4730000000000003 2.132684896999684e-11
0.4740000000000003 2.0678742034313847e-11
0.4750000000000003 2.0052510187131657e-11
0.4760000000000003 1.944728693537197e-11
0.4770000000000003 1.8862244303504696e-11
0.4780000000000003 1.8296591156015786e-11
0.4790000000000003 1.774957157771953e-11
0.4800000000000003 1.7220463311441862e-11
0.4810000000000003 1.670857625244459e-11
0.4820000000000003 1.621325099882147e-11
0.4830000000000003 1.5733857456974883e-11
0.4840000000000003 1.526979350117861e-11
0.4850000000000003 1.482048368613948e-11
0.4860000000000003 1.4385378011395197e-11
0.4870000000000003 1.3963950736320277e-11
0.4880000000000003 1.3555699244458793e-11
0.4890000000000003 1.3160142955859164e-11
0.4900000000000003 1.277682228605487e-11
0.4910000000000003 1.2405297650306396e-11
0.4920000000000003 1.204514851170713e-11
0.4930000000000003 1.1695972471741695e-11
0.4940000000000003 1.1357384401885052e-11
0.49500000000000033 1.1029015614829793e-11
0.49600000000000033 1.0710513073938416e-11
0.49700000000000033 1.040153863952755e-11
0.49800000000000033 1.0101768350607106e-11
0.49900000000000033 9.810891740716344e-12
