0.1 5.234429121128916e-14
0.101 -1.1873526704275473e-13
0.10200000000000001 -4.601209142202225e-13
0.10300000000000001 -8.046271686145262e-13
0.10400000000000001 -9.244262663856054e-13
0.10500000000000001 -7.44853513559125e-13
0.10600000000000001 -4.105850510648785e-13
0.10700000000000001 -1.3498036419130044e-13
0.10800000000000001 -1.400290395063515e-14
0.10900000000000001 2.6594797175716357e-15
0.11000000000000001 -6.351287028934618e-16
0.11100000000000002 2.634100398755021e-15
0.11200000000000002 -4.824473400481842e-16
0.11300000000000002 1.4005822868892234e-15
0.11400000000000002 4.9174768180406614e-14
0.11500000000000002 1.5060423230407688e-13
0.11600000000000002 2.325171017787096e-13
0.11700000000000002 1.76353624774296e-13
0.11800000000000002 -8.287375230369542e-14
0.11900000000000002 -4.782654812100643e-13
0.12000000000000002 -8.227860602466486e-13
0.12100000000000002 -9.11540854376817e-13
0.12200000000000003 -6.510205154051826e-13
0.12300000000000003 -1.3344313618784558e-13
0.12400000000000003 3.942643171625611e-13
0.12500000000000003 6.582542216773464e-13
0.12600000000000003 5.186225888709301e-13
0.12700000000000003 7.658755300785718e-14
0.12800000000000003 -3.3639121721060925e-13
0.12900000000000003 -2.933299502081047e-13
0.13000000000000003 5.289340358955377e-13
0.13100000000000003 2.1811471615126055e-12
0.13200000000000003 4.386369361806132e-12
0.13300000000000003 6.625851311711193e-12
0.13400000000000004 8.326846355574565e-12
0.13500000000000004 9.068353057032055e-12
0.13600000000000004 8.718471487572398e-12
0.13700000000000004 7.454059958393161e-12
0.13800000000000004 5.667827795778899e-12
0.13900000000000004 3.812971406238841e-12
0.14000000000000004 2.252756640517536e-12
0.14100000000000004 1.1694494108837455e-12
0.14200000000000004 5.547180222439827e-13
0.14300000000000004 2.689711701109232e-13
0.14400000000000004 1.3426482590502617e-13
0.14500000000000005 2.0635098995458193e-14
0.14600000000000005 -1.0333719197163194e-13
0.14700000000000005 -1.6603199188042953e-13
0.14800000000000005 -2.661112864885602e-14
0.14900000000000005 4.716398371873922e-13
0.15000000000000005 1.4492623811174227e-12
0.15100000000000005 2.9553902641135912e-12
0.15200000000000005 4.955995050710953e-12
0.15300000000000005 7.343729106358771e-12
0.15400000000000005 9.961877273117176e-12
0.15500000000000005 1.2633154225145749e-11
0.15600000000000006 1.5185532319993354e-11
0.15700000000000006 1.747051553601036e-11
0.15800000000000006 1.9372747137246382e-11
0.15900000000000006 2.0812430720341242e-11
0.16000000000000006 2.1743271782995854e-11
0.16100000000000006 2.2148605513547708e-11
0.16200000000000006 2.2037522099165136e-11
0.16300000000000006 2.1441691003437607e-11
0.16400000000000006 2.041267481616562e-11
0.16500000000000006 1.9019056625593515e-11
0.16600000000000006 1.734270970982637e-11
0.16700000000000007 1.547388317819812e-11
0.16800000000000007 1.3505258910735074e-11
0.16900000000000007 1.1525560094178672e-11
0.17000000000000007 9.61352949152001e-12
0.17100000000000007 7.833099513451653e-12
0.17200000000000007 6.23037450519248e-12
0.17300000000000007 4.8327157767484975e-12
0.17400000000000007 3.649856573990998e-12
0.17500000000000007 2.6766621664840646e-12
0.17600000000000007 1.896946503552001e-12
0.17700000000000007 1.2876841193593179e-12
0.17800000000000007 8.230054134408161e-13
0.17900000000000008 4.775040326372899e-13
0.18000000000000008 2.285749152965322e-13
0.18100000000000008 5.76985959425556e-14
0.18200000000000008 -4.9242552269756333e-14
0.18300000000000008 -1.0240923487409643e-13
0.18400000000000008 -1.0894072663567772e-13
0.18500000000000008 -7.410140151954246e-14
0.18600000000000008 -2.3935743071371094e-15
0.18700000000000008 1.0154482126845622e-13
0.18800000000000008 2.3236355848968003e-13
0.18900000000000008 3.8377635527013426e-13
0.19000000000000009 5.486601159271486e-13
0.1910000000000001 7.194036710504653e-13
0.1920000000000001 8.884091014991806e-13
0.1930000000000001 1.048644133649997e-12
0.1940000000000001 1.1941546259367285e-12
0.1950000000000001 1.3204669672487617e-12
0.1960000000000001 1.424836202772371e-12
0.1970000000000001 1.5063223529169011e-12
0.1980000000000001 1.565701158436679e-12
0.1990000000000001 1.6052340402718018e-12
0.2000000000000001 1.6283342754514944e-12
0.2010000000000001 1.6391721667473447e-12
0.2020000000000001 1.642262015932132e-12
0.2030000000000001 1.642069195805341e-12
0.2040000000000001 1.6426679893305105e-12
0.2050000000000001 1.6474715730212345e-12
0.2060000000000001 1.6590458606816681e-12
0.2070000000000001 1.6790099297966755e-12
0.2080000000000001 1.70801815812731e-12
0.2090000000000001 1.745813427583093e-12
0.2100000000000001 1.7913369567764487e-12
0.2110000000000001 1.8428784313375127e-12
0.2120000000000001 1.8982498802719648e-12
0.2130000000000001 1.954967866976987e-12
0.2140000000000001 2.0104306513108187e-12
0.2150000000000001 2.0620796623694495e-12
0.2160000000000001 2.107537563187685e-12
0.2170000000000001 2.144718107188652e-12
0.2180000000000001 2.171905667051621e-12
0.2190000000000001 2.1878046131582038e-12
0.2200000000000001 2.1915605479046056e-12
0.2210000000000001 2.1827567355377664e-12
0.22200000000000011 2.161389919826382e-12
0.22300000000000011 2.1278301403700363e-12
0.22400000000000012 2.0827692094166535e-12
0.22500000000000012 2.027162271622931e-12
0.22600000000000012 1.962166418163104e-12
0.22700000000000012 1.889079738683553e-12
0.22800000000000012 1.8092835360620436e-12
0.22900000000000012 1.7241897550386061e-12
0.23000000000000012 1.6351950297717851e-12
0.23100000000000012 1.5436421685421562e-12
0.23200000000000012 1.4507893864165975e-12
0.23300000000000012 1.3577871793620923e-12
0.23400000000000012 1.2656624088131052e-12
0.23500000000000013 1.175308930735704e-12
0.23600000000000013 1.0874839501070112e-12
0.23700000000000013 1.0028091999628114e-12
0.23800000000000013 9.217760218077717e-13
0.23900000000000013 8.447534488854939e-13
0.24000000000000013 7.71998453646282e-13
0.24100000000000013 7.036676048015123e-13
0.24200000000000013 6.398294780480261e-13
0.24300000000000013 5.804772698711994e-13
0.24400000000000013 5.255411693698494e-13
0.24500000000000013 4.749001439131743e-13
0.24600000000000014 4.2839288717097705e-13
0.24700000000000014 3.85827760419495e-13
0.24800000000000014 3.469916288214767e-13
0.24900000000000014 3.1165755325071177e-13
0.2500000000000001 2.7959134546015017e-13
0.2510000000000001 2.505570307257098e-13
0.2520000000000001 2.2432128859279552e-13
0.2530000000000001 2.006569602453687e-13
0.2540000000000001 1.793457216222488e-13
0.2550000000000001 1.6018002602757331e-13
0.2560000000000001 1.4296441986501753e-13
0.2570000000000001 1.2751633140388255e-13
0.2580000000000001 1.1366642616638056e-13
0.2590000000000001 1.0125861447339128e-13
0.2600000000000001 9.014978762125619e-14
0.2610000000000001 8.020934966683335e-14
0.2620000000000001 7.131860232593317e-14
0.2630000000000001 6.337003138064321e-14
0.2640000000000001 5.62665344838657e-14
0.2650000000000001 4.9920622500565647e-14
0.2660000000000001 4.425361962217025e-14
0.2670000000000001 3.919488146621762e-14
0.2680000000000001 3.468104521896708e-14
0.26900000000000013 3.065532155507309e-14
0.27000000000000013 2.706683451545595e-14
0.27100000000000013 2.3870012668859673e-14
0.27200000000000013 2.1024032644310864e-14
0.27300000000000013 1.8492314418783758e-14
0.27400000000000013 1.6242066496765436e-14
0.27500000000000013 1.4243878250361657e-14
0.27600000000000013 1.2471356130508194e-14
0.27700000000000014 1.090080014935038e-14
0.27800000000000014 9.510916916122453e-15
0.27900000000000014 8.282565536742692e-15
0.28000000000000014 7.198532821089353e-15
0.28100000000000014 6.243334448613108e-15
0.28200000000000014 5.403038995952359e-15
0.28300000000000014 4.665112008445116e-15
0.28400000000000014 4.018277584615061e-15
0.28500000000000014 3.452395226698448e-15
0.28600000000000014 2.9583499823695796e-15
0.28700000000000014 2.5279541571241658e-15
0.28800000000000014 2.1538591096695616e-15
0.28900000000000015 1.8294758522905565e-15
0.29000000000000015 1.5489033640127686e-15
0.29100000000000015 1.3068636869565956e-15
0.29200000000000015 1.0986430167564719e-15
0.29300000000000015 9.200381179649988e-16
0.29400000000000015 7.673074968837198e-16
0.29500000000000015 6.371268493140324e-16
0.29600000000000015 5.265483713507771e-16
0.29700000000000015 4.329635795428423e-16
0.29800000000000015 3.5406933438365393e-16
0.29900000000000015 2.878367998787541e-16
0.30000000000000016 2.324831034027551e-16
0.30100000000000016 1.8644548555158382e-16
0.30200000000000016 1.4835775038690918e-16
0.30300000000000016 1.1702884335169255e-16
0.30400000000000016 9.142339804227947e-17
0.30500000000000016 7.064410464012295e-17
0.30600000000000016 5.391576269150961e-17
0.30700000000000016 4.057088952075259e-17
0.30800000000000016 3.003676321666591e-17
0.30900000000000016 2.1823786108118623e-17
0.31000000000000016 1.5515061138254712e-17
0.31100000000000017 1.075707969912037e-17
0.31200000000000017 7.251425395410247e-18
0.31300000000000017 4.7474039297582914e-18
0.31400000000000017 3.0355148778405837e-18
0.31500000000000017 1.9416865654885032e-18
0.31600000000000017 1.3222005741652296e-18
0.31700000000000017 1.0592375785185698e-18
0.31800000000000017 1.0569812473365763e-18
0.3190000000000002 1.238221801861644e-18
0.3200000000000002 1.5414055065281074e-18
0.3210000000000002 1.918080851475263e-18
0.3220000000000002 2.3306964600544246e-18
0.3230000000000002 2.750709806820087e-18
0.3240000000000002 3.1569696540680932e-18
0.3250000000000002 3.534338702541885e-18
0.3260000000000002 3.8725263022918375e-18
0.3270000000000002 4.165104183272882e-18
0.3280000000000002 4.408681045212683e-18
0.3290000000000002 4.602214497782681e-18
0.3300000000000002 4.746441272354284e-18
0.3310000000000002 4.84340884428272e-18
0.3320000000000002 4.896093619694299e-18
0.3330000000000002 4.908092663994787e-18
0.3340000000000002 4.8833775922172304e-18
0.3350000000000002 4.826100715763812e-18
0.3360000000000002 4.740444858031135e-18
0.3370000000000002 4.6305094248005894e-18
0.3380000000000002 4.500226355865797e-18
0.3390000000000002 4.3533005035538564e-18
0.3400000000000002 4.193169792542588e-18
0.3410000000000002 4.022981224125451e-18
0.3420000000000002 3.8455794066818284e-18
0.3430000000000002 3.663504831831613e-18
0.3440000000000002 3.478999581194436e-18
0.3450000000000002 3.2940185498025097e-18
0.3460000000000002 3.1102446163605797e-18
0.3470000000000002 2.929106484406333e-18
0.3480000000000002 2.751798168102621e-18
0.3490000000000002 2.5792993073973756e-18
0.3500000000000002 2.412395674601608e-18
0.3510000000000002 2.2516993825079207e-18
0.3520000000000002 2.0976684269894006e-18
0.3530000000000002 1.950625298107295e-18
0.3540000000000002 1.8107744762552927e-18
0.3550000000000002 1.678218696524631e-18
0.3560000000000002 1.5529739177109593e-18
0.3570000000000002 1.4349829743130321e-18
0.3580000000000002 1.3241279223265658e-18
0.3590000000000002 1.2202411142113299e-18
0.3600000000000002 1.123115056469979e-18
0.3610000000000002 1.0325111160041976e-18
0.3620000000000002 9.481671498090381e-19
0.3630000000000002 8.698041374832216e-19
0.3640000000000002 7.971318981941885e-19
0.3650000000000002 7.298539737441719e-19
0.3660000000000002 6.676717577457621e-19
0.3670000000000002 6.102879480496746e-19
0.3680000000000002 5.574093958185369e-19
0.3690000000000002 5.087494202899178e-19
0.3700000000000002 4.640296535461436e-19
0.3710000000000002 4.2298147468862783e-19
0.3720000000000002 3.8534708784288643e-19
0.3730000000000002 3.508802935076217e-19
0.3740000000000002 3.1934699798939113e-19
0.3750000000000002 2.9052550109556086e-19
0.3760000000000002 2.642065979343654e-19
0.3770000000000002 2.401935266202429e-19
0.3780000000000002 2.1830178992140657e-19
0.3790000000000002 1.9835887542154922e-19
0.3800000000000002 1.8020389559808973e-19
0.3810000000000002 1.6368716633921643e-19
0.38200000000000023 1.4866973982107298e-19
0.38300000000000023 1.3502290533114052e-19
0.38400000000000023 1.2262766953912467e-19
0.38500000000000023 1.113742258654612e-19
0.38600000000000023 1.0116142096299909e-19
0.38700000000000023 9.189622489172796e-20
0.38800000000000023 8.349321031245533e-20
0.38900000000000023 7.587404493632614e-20
0.39000000000000024 6.896700052691808e-20
0.39100000000000024 6.270648094503938e-20
0.39200000000000024 5.703257103910641e-20
0.39300000000000024 5.1890607602659195e-20
0.39400000000000024 4.72307731329531e-20
0.39500000000000024 4.3007712719333917e-20
0.39600000000000024 3.918017405696727e-20
0.39700000000000024 3.571067031115524e-20
0.39800000000000024 3.256516534145875e-20
0.39900000000000024 2.971278062567584e-20
0.40000000000000024 2.712552309461552e-20
0.40100000000000025 2.4778032993580756e-20
0.40200000000000025 2.2647350820245087e-20
0.40300000000000025 2.0712702346492116e-20
0.40400000000000025 1.895530070972358e-20
0.40500000000000025 1.7358164553539062e-20
0.40600000000000025 1.590595120548371e-20
0.40700000000000025 1.4584803898056802e-20
0.40800000000000025 1.3382212066085717e-20
0.40900000000000025 1.228688378695079e-20
0.41000000000000025 1.1288629468304677e-20
0.41100000000000025 1.0378255929498879e-20
0.41200000000000025 9.547470066704084e-21
0.41300000000000026 8.788791336737638e-21
0.41400000000000026 8.095472340087597e-21
0.41500000000000026 7.461426828886016e-21
0.41600000000000026 6.881164510136078e-21
0.41700000000000026 6.349732057911989e-21
0.41800000000000026 5.8626597902208855e-21
0.41900000000000026 5.415913506505995e-21
0.42000000000000026 5.005851020217075e-21
0.42100000000000026 4.629182957356713e-21
0.42200000000000026 4.282937426380574e-21
0.42300000000000026 3.9644281972441555e-21
0.42400000000000027 3.6712260577657585e-21
0.42500000000000027 3.4011330438376576e-21
0.42600000000000027 3.152159266416658e-21
0.42700000000000027 2.9225020827262043e-21
0.42800000000000027 2.7105273817773414e-21
0.42900000000000027 2.5147527752539203e-21
0.43000000000000027 2.3338325040898445e-21
0.43100000000000027 2.1665438887916582e-21
0.4320000000000003 2.0117751678166474e-21
0.4330000000000003 1.8685145831998943e-21
0.4340000000000003 1.7358405862244665e-21
0.4350000000000003 1.6129130483361776e-21
0.4360000000000003 1.4989653738056586e-21
0.4370000000000003 1.3932974209169009e-21
0.4380000000000003 1.295269147794284e-21
0.4390000000000003 1.2042949074425427e-21
0.4400000000000003 1.1198383242390933e-21
0.4410000000000003 1.0414076910497375e-21
0.4420000000000003 9.685518324018968e-22
0.4430000000000003 9.008563848010189e-22
0.4440000000000003 8.379404503693363e-22
0.4450000000000003 7.794535845734934e-22
0.4460000000000003 7.2507308293342925e-22
0.4470000000000003 6.745015353128395e-22
0.4480000000000003 6.274646197210229e-22
0.4490000000000003 5.837091105422408e-22
0.4500000000000003 5.43001078785776e-22
0.4510000000000003 5.051242643474348e-22
0.4520000000000003 4.698786024187291e-22
0.4530000000000003 4.370788880989127e-22
0.4540000000000003 4.0655356497991323e-22
0.4550000000000003 3.7814362500578466e-22
0.4560000000000003 3.5170160827554725e-22
0.4570000000000003 3.270906926778358e-22
0.4580000000000003 3.0418386433346975e-22
0.4590000000000003 2.828631607912312e-22
0.4600000000000003 2.6301897978580067e-22
0.4610000000000003 2.4454944713580613e-22
0.4620000000000003 2.27359838044603e-22
0.4630000000000003 2.1136204667593026e-22
0.4640000000000003 1.9647409941875755e-22
0.4650000000000003 1.8261970773826522e-22
0.4660000000000003 1.6972785693912285e-22
0.4670000000000003 1.5773242754914795e-22
0.4680000000000003 1.4657184637118724e-22
0.4690000000000003 1.3618876455338738e-22
0.4700000000000003 1.2652976029705858e-22
0.4710000000000003 1.1754506406080533e-22
0.4720000000000003 1.091883043328564e-22
0.4730000000000003 1.014162722334789e-22
0.4740000000000003 9.418870337867614e-23
0.4750000000000003 8.746807558730869e-23
0.4760000000000003 8.121942114854833e-23
0.4770000000000003 7.541015248683782e-23
0.4780000000000003 7.000990016907859e-23
0.4790000000000003 6.499036229495642e-23
0.4800000000000003 6.032516439744046e-23
0.4810000000000003 5.598972905772747e-23
0.4820000000000003 5.196115450820096e-23
0.4830000000000003 4.821810155925616e-23
0.4840000000000003 4.474068824189852e-23
0.4850000000000003 4.151039160851538e-23
0.4860000000000003 3.850995617981389e-23
0.4870000000000003 3.5723308567104406e-23
0.4880000000000003 3.313547783640806e-23
0.4890000000000003 3.073252121467569e-23
0.4900000000000003 2.8501454769128936e-23
0.4910000000000003 2.643018871866403e-23
0.4920000000000003 2.45074670617295e-23
0.4930000000000003 2.2722811228325605e-23
0.4940000000000003 2.1066467485034587e-23
0.49500000000000033 1.952935784144503e-23
0.49600000000000033 1.810303422420241e-23
0.49700000000000033 1.6779635701319392e-23
0.49800000000000033 1.5551848554482722e-23
0.49900000000000033 1.4412869011011707e-23
