0.1 -1.4659806441247086e-11
0.101 -3.606452434396955e-11
0.10200000000000001 -7.698743579363177e-11
0.10300000000000001 -1.3250401232241202e-10
0.10400000000000001 -1.862647332933316e-10
0.10500000000000001 -2.1820634538115582e-10
0.10600000000000001 -2.15603398426469e-10
0.10700000000000001 -1.799509600286736e-10
0.10800000000000001 -1.2542872441909893e-10
0.10900000000000001 -7.071241059559836e-11
0.11000000000000001 -2.988414148132114e-11
0.11100000000000002 -7.667584214459725e-12
0.11200000000000002 -4.794132679998003e-13
0.11300000000000002 -1.0883768291560258e-12
0.11400000000000002 -3.3384138133063043e-12
0.11500000000000002 -4.5028256838448315e-12
0.11600000000000002 -4.9174797833002825e-12
0.11700000000000002 -6.074275291097945e-12
0.11800000000000002 -8.730259723457784e-12
0.11900000000000002 -1.2069307865746877e-11
0.12000000000000002 -1.4135528551090251e-11
0.12100000000000002 -1.30972086517367e-11
0.12200000000000003 -8.586881139098954e-12
0.12300000000000003 -2.405018269466757e-12
0.12400000000000003 1.804611088493323e-12
0.12500000000000003 -1.6722996611140196e-13
0.12600000000000003 -1.1372436889776923e-11
0.12700000000000003 -3.2262592295254524e-11
0.12800000000000003 -6.015016301685576e-11
0.12900000000000003 -8.982301101371576e-11
0.13000000000000003 -1.1508390559917205e-10
0.13100000000000003 -1.3062313409036736e-10
0.13200000000000003 -1.3353436682775982e-10
0.13300000000000003 -1.2397126874684395e-10
0.13400000000000004 -1.0480713336678888e-10
0.13500000000000004 -8.053198097257301e-11
0.13600000000000004 -5.5852977707817926e-11
0.13700000000000004 -3.448829534464886e-11
0.13800000000000004 -1.848968339502782e-11
0.13900000000000004 -8.187372328408733e-12
0.14000000000000004 -2.6286071738555448e-12
0.14100000000000004 -2.5346730771299714e-13
0.14200000000000004 4.585736667493754e-13
0.14300000000000004 5.563178932913523e-13
0.14400000000000004 4.627042593084444e-13
0.14500000000000005 5.517419289205625e-14
0.14600000000000005 -1.123650117678102e-12
0.14700000000000005 -3.6349579147983897e-12
0.14800000000000005 -7.967720996872707e-12
0.14900000000000005 -1.4442752615064734e-11
0.15000000000000005 -2.317989367077666e-11
0.15100000000000005 -3.409152730614942e-11
0.15200000000000005 -4.6869916887991014e-11
0.15300000000000005 -6.095638072287497e-11
0.15400000000000005 -7.550459366861555e-11
0.15500000000000005 -8.93668815159574e-11
0.15600000000000006 -1.0113471071274335e-10
0.15700000000000006 -1.0925242844235281e-10
0.15800000000000006 -1.1220171128436868e-10
0.15900000000000006 -1.0873092897940967e-10
0.16000000000000006 -9.8086369779801e-11
0.16100000000000006 -8.019617561339443e-11
0.16200000000000006 -5.576440437578957e-11
0.16300000000000006 -2.624976969568251e-11
0.16400000000000006 6.273374786978756e-12
0.16500000000000006 3.9351058295498294e-11
0.16600000000000006 7.044383978756152e-11
0.16700000000000007 9.723064351513681e-11
0.16800000000000007 1.1787416143158073e-10
0.16900000000000007 1.3120894094967088e-10
0.17000000000000007 1.3682879941216646e-10
0.17100000000000007 1.350684547875265e-10
0.17200000000000007 1.2689161158909897e-10
0.17300000000000007 1.1371121437366107e-10
0.17400000000000007 9.717530975592322e-11
0.17500000000000007 7.895335167905481e-11
0.17600000000000007 6.055343490424035e-11
0.17700000000000007 4.3192327068849914e-11
0.17800000000000007 2.7729259041995623e-11
0.17900000000000008 1.4663275556437607e-11
0.18000000000000008 4.184323120177638e-12
0.18100000000000008 -3.7385701633599895e-12
0.18200000000000008 -9.252043136515378e-12
0.18300000000000008 -1.2516001600149317e-11
0.18400000000000008 -1.3620919872627453e-11
0.18500000000000008 -1.2536502005748475e-11
0.18600000000000008 -9.097083432448947e-12
0.18700000000000008 -3.0228250774241618e-12
0.18800000000000008 6.029738094069644e-12
0.18900000000000008 1.8398235472564256e-11
0.19000000000000009 3.4338685905988214e-11
0.1910000000000001 5.39562546727566e-11
0.1920000000000001 7.715390492104658e-11
0.1930000000000001 1.0360747068365049e-10
0.1940000000000001 1.3277197981124005e-10
0.1950000000000001 1.6392002109352706e-10
0.1960000000000001 1.962090792513486e-10
0.1970000000000001 2.2877147155782088e-10
0.1980000000000001 2.608181120037389e-10
0.1990000000000001 2.9174597339125025e-10
0.2000000000000001 3.212388549817489e-10
0.2010000000000001 3.493518189590012e-10
0.2020000000000001 3.765712680583003e-10
0.2030000000000001 4.0384487310967747e-10
0.2040000000000001 4.3257816605099156e-10
0.2050000000000001 4.645973318744486e-10
0.2060000000000001 5.020803240902202e-10
0.2070000000000001 5.474606940616366e-10
0.2080000000000001 6.033103171649658e-10
0.2090000000000001 6.722084261366826e-10
0.2100000000000001 7.566049874467123e-10
0.2110000000000001 8.586864935350951e-10
0.2120000000000001 9.802517476046966e-10
0.2130000000000001 1.1226042752944138e-09
0.2140000000000001 1.286466716429607e-09
0.2150000000000001 1.471921047375227e-09
0.2160000000000001 1.6783768775635926e-09
0.2170000000000001 1.9045684617106893e-09
0.2180000000000001 2.1485795670062365e-09
0.2190000000000001 2.4078940086663536e-09
0.2200000000000001 2.6794685735711737e-09
0.2210000000000001 2.9598242250774017e-09
0.22200000000000011 3.245150937242334e-09
0.22300000000000011 3.5314212404097108e-09
0.22400000000000012 3.814507554125691e-09
0.22500000000000012 4.090298607718535e-09
0.22600000000000012 4.3548106653931645e-09
0.22700000000000012 4.604289838348474e-09
0.22800000000000012 4.835302436456052e-09
0.22900000000000012 5.044811042631445e-09
0.23000000000000012 5.230234743432682e-09
0.23100000000000012 5.38949268365642e-09
0.23200000000000012 5.521030800548389e-09
0.23300000000000012 5.623832210951633e-09
0.23400000000000012 5.697412255048396e-09
0.23500000000000013 5.741799632497302e-09
0.23600000000000013 5.7575053957395174e-09
0.23700000000000013 5.745481791279038e-09
0.23800000000000013 5.707073067388963e-09
0.23900000000000013 5.643960403972271e-09
0.24000000000000013 5.558103077776477e-09
0.24100000000000013 5.451677866073884e-09
0.24200000000000013 5.327018527392775e-09
0.24300000000000013 5.186556992259709e-09
0.24400000000000013 5.0327676631085585e-09
0.24500000000000013 4.86811597260937e-09
0.24600000000000014 4.695012094548154e-09
0.24700000000000014 4.515770450474138e-09
0.24800000000000014 4.332575416490163e-09
0.24900000000000014 4.147453414039065e-09
0.2500000000000001 3.96225137097675e-09
0.2510000000000001 3.778621367770568e-09
0.2520000000000001 3.59801114008902e-09
0.2530000000000001 3.4216599939001182e-09
0.2540000000000001 3.250599602004633e-09
0.2550000000000001 3.0856590903519854e-09
0.2560000000000001 2.927473786544556e-09
0.2570000000000001 2.7764969891442776e-09
0.2580000000000001 2.6330141219661173e-09
0.2590000000000001 2.4971586595037346e-09
0.2600000000000001 2.368929244969717e-09
0.2610000000000001 2.248207468191367e-09
0.2620000000000001 2.1347758239730514e-09
0.2630000000000001 2.0283354299197885e-09
0.2640000000000001 1.9285231437728864e-09
0.2650000000000001 1.8349277819863458e-09
0.2660000000000001 1.7471052018217974e-09
0.2670000000000001 1.6645920672189624e-09
0.2680000000000001 1.5869181729636523e-09
0.26900000000000013 1.5136172513650823e-09
0.27000000000000013 1.4442362301703865e-09
0.27100000000000013 1.3783429494205752e-09
0.27200000000000013 1.3155323782334728e-09
0.27300000000000013 1.2554314001017702e-09
0.27400000000000013 1.1977022573852904e-09
0.27500000000000013 1.142044762539163e-09
0.27600000000000013 1.0881973956261157e-09
0.27700000000000014 1.0359374152516902e-09
0.27800000000000014 9.85080113716082e-10
0.27900000000000014 9.35477347398732e-10
0.28000000000000014 8.870154706928499e-10
0.28100000000000014 8.396127966847136e-10
0.28200000000000014 7.932167007097437e-10
0.28300000000000014 7.478004743635732e-10
0.28400000000000014 7.033600279185387e-10
0.28500000000000014 6.599105287687802e-10
0.28600000000000014 6.174830528338972e-10
0.28700000000000014 5.761213150802167e-10
0.28800000000000014 5.358785347156269e-10
0.28900000000000015 4.9681448038082e-10
0.29000000000000015 4.5899273096032086e-10
0.29100000000000015 4.224781785950503e-10
0.29200000000000015 3.873347921857261e-10
0.29300000000000015 3.5362365219439833e-10
0.29400000000000015 3.2140126091135356e-10
0.29500000000000015 2.9071812656919484e-10
0.29600000000000015 2.6161761474288817e-10
0.29700000000000015 2.341350563499398e-10
0.29800000000000015 2.082970982189748e-10
0.29900000000000015 1.8412127957852736e-10
0.30000000000000016 1.6161581587520876e-10
0.30100000000000016 1.4077956999963154e-10
0.30200000000000016 1.2160219021572657e-10
0.30300000000000016 1.040643937890544e-10
0.30400000000000016 8.81383754277647e-11
0.30500000000000016 7.378832012320086e-11
0.30600000000000016 6.097100074510928e-11
0.30700000000000016 4.9636441753113054e-11
0.30800000000000016 3.9728631578401707e-11
0.30900000000000016 3.118626755966062e-11
0.31000000000000016 2.3943518741913257e-11
0.31100000000000017 1.79307933275715e-11
0.31200000000000017 1.307549907182804e-11
0.31300000000000017 9.302786410741317e-12
0.31400000000000017 6.536265575299808e-12
0.31500000000000017 4.6986903581462385e-12
0.31600000000000017 3.712602545101599e-12
0.31700000000000017 3.50093228868199e-12
0.31800000000000017 3.9875508754865805e-12
0.3190000000000002 5.097773417896921e-12
0.3200000000000002 6.758809978423607e-12
0.3210000000000002 8.900164510976957e-12
0.3220000000000002 1.1453981777692262e-11
0.3230000000000002 1.4355343074356093e-11
0.3240000000000002 1.7542512175617518e-11
0.3250000000000002 2.095713339704194e-11
0.3260000000000002 2.4544384070244802e-11
0.3270000000000002 2.8253084045291304e-11
0.3280000000000002 3.203576507785299e-11
0.3290000000000002 3.584870313353127e-11
0.3300000000000002 3.965191675516489e-11
0.3310000000000002 4.340913469720655e-11
0.3320000000000002 4.708773604105547e-11
0.3330000000000002 5.065866597287955e-11
0.3340000000000002 5.409633033677972e-11
0.3350000000000002 5.737847197712644e-11
0.3360000000000002 6.048603175963945e-11
0.3370000000000002 6.340299701633669e-11
0.3380000000000002 6.611623999940682e-11
0.3390000000000002 6.861534875739197e-11
0.3400000000000002 7.089245266758093e-11
0.3410000000000002 7.294204467453133e-11
0.3420000000000002 7.476080209893786e-11
0.3430000000000002 7.634740769630288e-11
0.3440000000000002 7.770237246312612e-11
0.3450000000000002 7.882786151146347e-11
0.3460000000000002 7.972752416219179e-11
0.3470000000000002 8.040632924439282e-11
0.3480000000000002 8.087040643393691e-11
0.3490000000000002 8.112689431919289e-11
0.3500000000000002 8.118379574646758e-11
0.3510000000000002 8.104984087247736e-11
0.3520000000000002 8.07343582361278e-11
0.3530000000000002 8.024715405697856e-11
0.3540000000000002 7.959839987307124e-11
0.3550000000000002 7.87985285458933e-11
0.3560000000000002 7.785813858490224e-11
0.3570000000000002 7.678790667791997e-11
0.3580000000000002 7.559850825621981e-11
0.3590000000000002 7.430054587399292e-11
0.3600000000000002 7.290448514039275e-11
0.3610000000000002 7.14205979081398e-11
0.3620000000000002 6.985891239507384e-11
0.3630000000000002 6.822916989356748e-11
0.3640000000000002 6.654078770685959e-11
0.3650000000000002 6.480282794049682e-11
0.3660000000000002 6.302397177079487e-11
0.3670000000000002 6.121249880996177e-11
0.3680000000000002 5.937627118883261e-11
0.3690000000000002 5.7522721982581844e-11
0.3700000000000002 5.565884761190638e-11
0.3710000000000002 5.379120386157929e-11
0.3720000000000002 5.1925905169615533e-11
0.3730000000000002 5.006862685324459e-11
0.3740000000000002 4.822460995207509e-11
0.3750000000000002 4.639866838406064e-11
0.3760000000000002 4.4595198125825745e-11
0.3770000000000002 4.281818814534924e-11
0.3780000000000002 4.107123283176224e-11
0.3790000000000002 3.935754568388351e-11
0.3800000000000002 3.767997403593861e-11
0.3810000000000002 3.6041014615542126e-11
0.38200000000000023 3.444282974536165e-11
0.38300000000000023 3.288726401580198e-11
0.38400000000000023 3.1375861271493674e-11
0.38500000000000023 2.9909881769230277e-11
0.38600000000000023 2.8490319379263726e-11
0.38700000000000023 2.7117918715459417e-11
0.38800000000000023 2.5793192092713576e-11
0.38900000000000023 2.4516436222222292e-11
0.39000000000000024 2.3287748566655707e-11
0.39100000000000024 2.210704328801422e-11
0.39200000000000024 2.0974066730945746e-11
0.39300000000000024 1.9888412393579524e-11
0.39400000000000024 1.8849535346500835e-11
0.39500000000000024 1.78567660683701e-11
0.39600000000000024 1.690932367389847e-11
0.39700000000000024 1.6006328516459697e-11
0.39800000000000024 1.5146814153563037e-11
0.39900000000000024 1.4329738668766838e-11
0.40000000000000024 1.355399534841327e-11
0.40100000000000025 1.2818422715826379e-11
0.40200000000000025 1.2121813929388714e-11
0.40300000000000025 1.1462925554206314e-11
0.40400000000000025 1.0840485719941792e-11
0.40500000000000025 1.0253201679846014e-11
0.40600000000000025 9.699766788107229e-12
0.40700000000000025 9.178866914366946e-12
0.40800000000000025 8.689186315669983e-12
0.40900000000000025 8.229412987242998e-12
0.41000000000000025 7.798243514354775e-12
0.41100000000000025 7.394387448133633e-12
0.41200000000000025 7.016571228622403e-12
0.41300000000000026 6.663541678560528e-12
0.41400000000000026 6.334069091425503e-12
0.41500000000000026 6.0269499371467194e-12
0.41600000000000026 5.741009208660706e-12
0.41700000000000026 5.4751024321090165e-12
0.41800000000000026 5.228117363015486e-12
0.41900000000000026 4.9989753902257345e-12
0.42000000000000026 4.786632668769589e-12
0.42100000000000026 4.5900810021196426e-12
0.42200000000000026 4.408348493588658e-12
0.42300000000000026 4.24049998583555e-12
0.42400000000000027 4.0856373066498035e-12
0.42500000000000027 3.94289933836453e-12
0.42600000000000027 3.811461927414026e-12
0.42700000000000027 3.69053764971322e-12
0.42800000000000027 3.579375446696613e-12
0.42900000000000027 3.4772601460209597e-12
0.43000000000000027 3.3835118801106747e-12
0.43100000000000027 3.2974854149163897e-12
0.4320000000000003 3.2185694004618977e-12
0.4330000000000003 3.146185553983812e-12
0.4340000000000003 3.0797877857171843e-12
0.4350000000000003 3.0188612766541515e-12
0.4360000000000003 2.962921516904613e-12
0.4370000000000003 2.9115133126142764e-12
0.4380000000000003 2.8642097687532296e-12
0.4390000000000003 2.8206112544717492e-12
0.4400000000000003 2.7803443571362418e-12
0.4410000000000003 2.7430608306011015e-12
0.4420000000000003 2.7084365427455555e-12
0.4430000000000003 2.676170426808242e-12
0.4440000000000003 2.6459834405817377e-12
0.4450000000000003 2.6176175370905594e-12
0.4460000000000003 2.5908346499615628e-12
0.4470000000000003 2.565415696310859e-12
0.4480000000000003 2.5411595996105553e-12
0.4490000000000003 2.517882334664037e-12
0.4500000000000003 2.4954159965075413e-12
0.4510000000000003 2.4736078947692503e-12
0.4520000000000003 2.4523196747507808e-12
0.4530000000000003 2.4314264662534296e-12
0.4540000000000003 2.4108160609471935e-12
0.4550000000000003 2.390388118876756e-12
0.4560000000000003 2.3700534045123663e-12
0.4570000000000003 2.349733052585213e-12
0.4580000000000003 2.3293578637937017e-12
0.4590000000000003 2.3088676303304543e-12
0.4600000000000003 2.288210491056857e-12
0.4610000000000003 2.267342316042222e-12
0.4620000000000003 2.2462261200880472e-12
0.4630000000000003 2.2248315047726613e-12
0.4640000000000003 2.20313412847702e-12
0.4650000000000003 2.1811152037881903e-12
0.4660000000000003 2.158761021622356e-12
0.4670000000000003 2.136062501362311e-12
0.4680000000000003 2.113014766266395e-12
0.4690000000000003 2.0896167433744375e-12
0.4700000000000003 2.0658707871115793e-12
0.4710000000000003 2.04178232577237e-12
0.4720000000000003 2.0173595300546704e-12
0.4730000000000003 1.9926130028043366e-12
0.4740000000000003 1.9675554891285845e-12
0.4750000000000003 1.942201606035951e-12
0.4760000000000003 1.9165675907649954e-12
0.4770000000000003 1.8906710669710973e-12
0.4780000000000003 1.864530827950562e-12
0.4790000000000003 1.838166636094205e-12
0.4800000000000003 1.8115990377767036e-12
0.4810000000000003 1.7848491929051327e-12
0.4820000000000003 1.7579387183680049e-12
0.4830000000000003 1.730889544645568e-12
0.4840000000000003 1.7037237848631394e-12
0.4850000000000003 1.6764636155903457e-12
0.4860000000000003 1.649131168711786e-12
0.4870000000000003 1.621748433717291e-12
0.4880000000000003 1.5943371697831815e-12
0.4890000000000003 1.5669188270393872e-12
0.4900000000000003 1.539514476440951e-12
0.4910000000000003 1.5121447476857774e-12
0.4920000000000003 1.484829774644344e-12
0.4930000000000003 1.457589147789916e-12
0.4940000000000003 1.4304418731412062e-12
0.49500000000000033 1.403406337251864e-12
0.49600000000000033 1.3765002778034803e-12
0.49700000000000033 1.349740759380637e-12
0.49800000000000033 1.3231441540278087e-12
0.49900000000000033 1.2967261262086307e-12
