0.1 5.127158489281211e-13
0.101 3.558427376183417e-13
0.10200000000000001 8.581577777980055e-13
0.10300000000000001 2.7603931911802376e-12
0.10400000000000001 5.196676541811699e-12
0.10500000000000001 6.20507918477518e-12
0.10600000000000001 4.8332661028354574e-12
0.10700000000000001 2.228174920041692e-12
0.10800000000000001 3.6994043488104716e-13
0.10900000000000001 4.940610428288789e-14
0.11000000000000001 4.300490188749962e-13
0.11100000000000002 4.228523727996085e-13
0.11200000000000002 3.5238118145029453e-14
0.11300000000000002 1.96412042526398e-13
0.11400000000000002 1.4961078292027572e-12
0.11500000000000002 3.393428987321063e-12
0.11600000000000002 4.7279653431723254e-12
0.11700000000000002 4.893444028409839e-12
0.11800000000000002 4.4142799339030794e-12
0.11900000000000002 4.344629449599213e-12
0.12000000000000002 5.075012255309849e-12
0.12100000000000002 5.7228340504570254e-12
0.12200000000000003 4.884228881638723e-12
0.12300000000000003 2.5011254239428737e-12
0.12400000000000003 1.680563409615098e-12
0.12500000000000003 9.087798816840181e-12
0.12600000000000003 3.3173099713972654e-11
0.12700000000000003 8.065137756508194e-11
0.12800000000000003 1.5270585808810612e-10
0.12900000000000003 2.427445777944325e-10
0.13000000000000003 3.3697611336168057e-10
0.13100000000000003 4.178522773359426e-10
0.13200000000000003 4.69156586220363e-10
0.13300000000000003 4.808126306715682e-10
0.13400000000000004 4.516488162810678e-10
0.13500000000000004 3.892493817380945e-10
0.13600000000000004 3.071860907725414e-10
0.13700000000000004 2.2083801675407305e-10
0.13800000000000004 1.433334950917151e-10
0.13900000000000004 8.285749156053595e-11
0.14000000000000004 4.188589016447872e-11
0.14100000000000004 1.8169500227742923e-11
0.14200000000000004 6.77517846849413e-12
0.14300000000000004 2.3278477819250333e-12
0.14400000000000004 7.520447670334731e-13
0.14500000000000005 1.4697457756592723e-13
0.14600000000000005 7.83437592608665e-13
0.14700000000000005 4.464875179683481e-12
0.14800000000000005 1.3599679540129004e-11
0.14900000000000005 3.030405284265005e-11
0.15000000000000005 5.574755863165043e-11
0.15100000000000005 8.982671491353076e-11
0.15200000000000005 1.311492236249016e-10
0.15300000000000005 1.7725204562757706e-10
0.15400000000000005 2.2495865592795344e-10
0.15500000000000005 2.7079063794186417e-10
0.15600000000000006 3.113702115629385e-10
0.15700000000000006 3.4377149162752967e-10
0.15800000000000006 3.657939150309459e-10
0.15900000000000006 3.761414624243847e-10
0.16000000000000006 3.744988611236661e-10
0.16100000000000006 3.6150375620906873e-10
0.16200000000000006 3.386231422073699e-10
0.16300000000000006 3.079524752091725e-10
0.16400000000000006 2.719648398697485e-10
0.16500000000000006 2.332430826185418e-10
0.16600000000000006 1.9422840894280888e-10
0.16700000000000007 1.5701429569712025e-10
0.16800000000000007 1.2320568392745034e-10
0.16900000000000007 9.385219253140581e-11
0.17000000000000007 6.945275717850892e-11
0.17100000000000007 5.001964601814158e-11
0.17200000000000007 3.518358638740833e-11
0.17300000000000007 2.4319288208257333e-11
0.17400000000000007 1.6671724734682406e-11
0.17500000000000007 1.1467305109074008e-11
0.17600000000000007 7.999416783714136e-12
0.17700000000000007 5.6835689908712845e-12
0.17800000000000007 4.08255457110385e-12
0.17900000000000008 2.906002275852776e-12
0.18000000000000008 1.9911025109327776e-12
0.18100000000000008 1.2721620465749406e-12
0.18200000000000008 7.462210814632874e-13
0.18300000000000008 4.406307973282069e-13
0.18400000000000008 3.8666435570863274e-13
0.18500000000000008 6.013067872146234e-13
0.18600000000000008 1.0776411787851505e-12
0.18700000000000008 1.78291316001535e-12
0.18800000000000008 2.6624980763467604e-12
0.18900000000000008 3.647609520231724e-12
0.19000000000000009 4.664603064681243e-12
0.1910000000000001 5.644037218342144e-12
0.1920000000000001 6.528135576504577e-12
0.1930000000000001 7.275839164158115e-12
0.1940000000000001 7.865156755523848e-12
0.1950000000000001 8.292951799114504e-12
0.1960000000000001 8.572613935367216e-12
0.1970000000000001 8.730242167629603e-12
0.1980000000000001 8.80002573686626e-12
0.1990000000000001 8.81947026169035e-12
0.2000000000000001 8.825009451148477e-12
0.2010000000000001 8.848396236189062e-12
0.2020000000000001 8.914108047662239e-12
0.2030000000000001 9.037850365129041e-12
0.2040000000000001 9.22611532645879e-12
0.2050000000000001 9.476656490660956e-12
0.2060000000000001 9.7796795392197e-12
0.2070000000000001 1.0119520127888495e-11
0.2080000000000001 1.0476579559943406e-11
0.2090000000000001 1.0829310016574734e-11
0.2100000000000001 1.1156076736715315e-11
0.2110000000000001 1.1436768068616705e-11
0.2120000000000001 1.1654069899765134e-11
0.2130000000000001 1.1794364032947828e-11
0.2140000000000001 1.1848247399446892e-11
0.2150000000000001 1.1810698683313282e-11
0.2160000000000001 1.1680940219550799e-11
0.2170000000000001 1.1462056087731696e-11
0.2180000000000001 1.1160432979206909e-11
0.2190000000000001 1.0785089916818596e-11
0.2200000000000001 1.0346957698539346e-11
0.2210000000000001 9.85816049412745e-12
0.22200000000000011 9.331341716084243e-12
0.22300000000000011 8.77906529265193e-12
0.22400000000000012 8.213312735318033e-12
0.22500000000000012 7.645086610728406e-12
0.22600000000000012 7.084122652197022e-12
0.22700000000000012 6.538706021934332e-12
0.22800000000000012 6.015582228548626e-12
0.22900000000000012 5.51994984657945e-12
0.23000000000000012 5.055520311271391e-12
0.23100000000000012 4.62462944859764e-12
0.23200000000000012 4.228385795252349e-12
0.23300000000000012 3.866841909817458e-12
0.23400000000000012 3.539176532941364e-12
0.23500000000000013 3.2438774065261826e-12
0.23600000000000013 2.9789166290834818e-12
0.23700000000000013 2.741912463153546e-12
0.23800000000000013 2.530273414237255e-12
0.23900000000000013 2.3413220963017893e-12
0.24000000000000013 2.1723978436202733e-12
0.24100000000000013 2.0209382042886353e-12
0.24200000000000013 1.8845403585601737e-12
0.24300000000000013 1.7610041609503654e-12
0.24400000000000013 1.6483589345286702e-12
0.24500000000000013 1.5448763804449652e-12
0.24600000000000014 1.449072039636325e-12
0.24700000000000014 1.3596976909545137e-12
0.24800000000000014 1.2757269229290591e-12
0.24900000000000014 1.1963359041902169e-12
0.2500000000000001 1.1208811254913734e-12
0.2510000000000001 1.0488756153340276e-12
0.2520000000000001 9.79964858214077e-13
0.2530000000000001 9.13903382247789e-13
0.2540000000000001 8.505327405342652e-13
0.2550000000000001 7.897613940191835e-13
0.2560000000000001 7.315468161411877e-13
0.2570000000000001 6.758799823153115e-13
0.2580000000000001 6.227722798364158e-13
0.2590000000000001 5.722447743569281e-13
0.2600000000000001 5.243196951739536e-13
0.2610000000000001 4.790139501240842e-13
0.2620000000000001 4.3633444867257986e-13
0.2630000000000001 3.962749955168173e-13
0.2640000000000001 3.5881451355274464e-13
0.2650000000000001 3.2391636146472295e-13
0.2660000000000001 2.915285248866753e-13
0.2670000000000001 2.6158447878043137e-13
0.2680000000000001 2.340045404721067e-13
0.26900000000000013 2.0869755611103713e-13
0.27000000000000013 1.855627869236895e-13
0.27100000000000013 1.644918845757441e-13
0.27200000000000013 1.453708665377881e-13
0.27300000000000013 1.2808202210310982e-13
0.27400000000000013 1.1250569734510483e-13
0.27500000000000013 9.852192269128372e-14
0.27600000000000013 8.601185991292552e-14
0.27700000000000014 7.485905625490869e-14
0.27800000000000014 6.495050229362973e-14
0.27900000000000014 5.61774970891252e-14
0.28000000000000014 4.8436329492885113e-14
0.28100000000000014 4.162878829857997e-14
0.28200000000000014 3.566251649304156e-14
0.28300000000000014 3.045122638554459e-14
0.28400000000000014 2.591479305782041e-14
0.28500000000000014 2.1979243561367827e-14
0.28600000000000014 1.8576658749560856e-14
0.28700000000000014 1.5645003706845143e-14
0.28800000000000014 1.3127901543230326e-14
0.28900000000000015 1.097436395750431e-14
0.29000000000000015 9.138490517626669e-15
0.29100000000000015 7.579147125897e-15
0.29200000000000015 6.2596326797344e-15
0.29300000000000015 5.14734154371669e-15
0.29400000000000015 4.213428141627363e-15
0.29500000000000015 3.4324787764664722e-15
0.29600000000000015 2.7821947020465966e-15
0.29700000000000015 2.2430895064291056e-15
0.29800000000000015 1.7982030248844675e-15
0.29900000000000015 1.4328332746118902e-15
0.30000000000000016 1.1342872889156133e-15
0.30100000000000016 8.916512169260983e-16
0.30200000000000016 6.955796372208002e-16
0.30300000000000016 5.381037002227053e-16
0.30400000000000016 4.124574552856371e-16
0.30500000000000016 3.1292152434433563e-16
0.30600000000000016 2.34683145762046e-16
0.30700000000000016 1.7371152098544397e-16
0.30800000000000016 1.2664734493550858e-16
0.30900000000000016 9.070538159724358e-17
0.31000000000000016 6.358895266583377e-17
0.31100000000000017 4.3415233772689975e-17
0.31200000000000017 2.865029490382291e-17
0.31300000000000017 1.805287498467908e-17
0.31400000000000017 1.0625941736632483e-17
0.31500000000000017 5.575153895642e-18
0.31600000000000017 2.2734113375191332e-18
0.31700000000000017 2.3074765881007906e-19
0.31800000000000017 -9.311121918225086e-19
0.3190000000000002 -1.5001407048005562e-18
0.3200000000000002 -1.6918915339038663e-18
0.3210000000000002 -1.6643672727193945e-18
0.3220000000000002 -1.530304974271853e-18
0.3230000000000002 -1.3672618610628565e-18
0.3240000000000002 -1.2258366961421237e-18
0.3250000000000002 -1.1363195514624692e-18
0.3260000000000002 -1.1140241092156927e-18
0.3270000000000002 -1.1635219951706096e-18
0.3280000000000002 -1.2819677561518595e-18
0.3290000000000002 -1.461675713716344e-18
0.3300000000000002 -1.6920857924149625e-18
0.3310000000000002 -1.9612342661232775e-18
0.3320000000000002 -2.2568269219016993e-18
0.3330000000000002 -2.5669961458941845e-18
0.3340000000000002 -2.8808096380172714e-18
0.3350000000000002 -3.1885866230791587e-18
0.3360000000000002 -3.4820673220937835e-18
0.3370000000000002 -3.754472872084846e-18
0.3380000000000002 -4.000485645724693e-18
0.3390000000000002 -4.216173850976375e-18
0.3400000000000002 -4.398879229506501e-18
0.3410000000000002 -4.547082481124822e-18
0.3420000000000002 -4.6602575952684656e-18
0.3430000000000002 -4.738723459319813e-18
0.3440000000000002 -4.783498840232354e-18
0.3450000000000002 -4.796165015685928e-18
0.3460000000000002 -4.778738889906332e-18
0.3470000000000002 -4.733558303505043e-18
0.3480000000000002 -4.663180381250903e-18
0.3490000000000002 -4.570293109567308e-18
0.3500000000000002 -4.457639856769623e-18
0.3510000000000002 -4.3279562097972984e-18
0.3520000000000002 -4.183918273037223e-18
0.3530000000000002 -4.028101434036984e-18
0.3540000000000002 -3.862948527788536e-18
0.3550000000000002 -3.690746309600249e-18
0.3560000000000002 -3.513609163140255e-18
0.3570000000000002 -3.3334690142924707e-18
0.3580000000000002 -3.152070484431806e-18
0.3590000000000002 -2.970970391792704e-18
0.3600000000000002 -2.7915407914484567e-18
0.3610000000000002 -2.614974828958329e-18
0.3620000000000002 -2.4422947668939593e-18
0.3630000000000002 -2.2743616249762576e-18
0.3640000000000002 -2.111885951851106e-18
0.3650000000000002 -1.9554393185512355e-18
0.3660000000000002 -1.8054661897904472e-18
0.3670000000000002 -1.6622958891079527e-18
0.3680000000000002 -1.526154427453858e-18
0.3690000000000002 -1.3971760122053888e-18
0.3700000000000002 -1.2754140950778913e-18
0.3710000000000002 -1.1608518532918908e-18
0.3720000000000002 -1.053412029080627e-18
0.3730000000000002 -9.529660786103585e-19
0.3740000000000002 -8.593426030896617e-19
0.3750000000000002 -7.723350527143885e-19
0.3760000000000002 -6.91708708568057e-19
0.3770000000000002 -6.172069590923167e-19
0.3780000000000002 -5.485568966472158e-19
0.3790000000000002 -4.854742663589915e-19
0.3800000000000002 -4.2766780423479096e-19
0.3810000000000002 -3.74843004706443e-19
0.38200000000000023 -3.267053596181241e-19
0.38300000000000023 -2.829631114318526e-19
0.38400000000000023 -2.433295632993964e-19
0.38500000000000023 -2.075249878212147e-19
0.38600000000000023 -1.752781749398099e-19
0.38700000000000023 -1.4632765763075801e-19
0.38800000000000023 -1.2042265197440357e-19
0.38900000000000023 -9.732374591039932e-20
0.39000000000000024 -7.680336857581105e-20
0.39100000000000024 -5.864606967074476e-20
0.39200000000000024 -4.264863583638237e-20
0.39300000000000024 -2.86200686107572e-20
0.39400000000000024 -1.638144618050544e-20
0.39500000000000024 -5.765688896551128e-21
0.39600000000000024 3.3827536135504143e-21
0.39700000000000024 1.1208277911920464e-20
0.39800000000000024 1.784455084389748e-20
0.39900000000000024 2.3414970042046457e-20
0.40000000000000024 2.8033150219348457e-20
0.40100000000000025 3.1803426088346954e-20
0.40200000000000025 3.482136406745929e-20
0.40300000000000025 3.717427613162026e-20
0.40400000000000025 3.8941730238192597e-20
0.40500000000000025 4.0196052717664864e-20
0.40600000000000025 4.100281886948511e-20
0.40700000000000025 4.1421328754206864e-20
0.40800000000000025 4.150506583165673e-20
0.40900000000000025 4.1302136668833775e-20
0.41000000000000025 4.085569043812839e-20
0.41100000000000025 4.020431735352317e-20
0.41200000000000025 3.9382425556506945e-20
0.41300000000000026 3.842059627105135e-20
0.41400000000000026 3.7345917304271556e-20
0.41500000000000026 3.618229518191416e-20
0.41600000000000026 3.4950746380952523e-20
0.41700000000000026 3.3669668260012877e-20
0.41800000000000026 3.235509039661183e-20
0.41900000000000026 3.1020907122176257e-20
0.42000000000000026 2.9679092105231565e-20
0.42100000000000026 2.8339895873167497e-20
0.42200000000000026 2.7012027186612198e-20
0.42300000000000026 2.5702819190190262e-20
0.42400000000000027 2.4418381261674975e-20
0.42500000000000027 2.3163737470265416e-20
0.42600000000000027 2.1942952535720754e-20
0.42700000000000027 2.075924615493884e-20
0.42800000000000027 1.9615096532606666e-20
0.42900000000000027 1.8512333918977224e-20
0.43000000000000027 1.745222492161442e-20
0.43100000000000027 1.6435548319975735e-20
0.4320000000000003 1.5462663072687862e-20
0.4330000000000003 1.4533569167915314e-20
0.4340000000000003 1.3647961927842967e-20
0.4350000000000003 1.2805280339392282e-20
0.4360000000000003 1.2004749945215454e-20
0.4370000000000003 1.1245420792012757e-20
0.4380000000000003 1.0526200897516992e-20
0.4390000000000003 9.845885663228411e-21
0.4400000000000003 9.203183627287138e-21
0.4410000000000003 8.596738920795939e-21
0.4420000000000003 8.025150761514742e-21
0.4430000000000003 7.486990291145844e-21
0.4440000000000003 6.980815036408144e-21
0.4450000000000003 6.505181249748243e-21
0.4460000000000003 6.058654362809304e-21
0.4470000000000003 5.639817764629826e-21
0.4480000000000003 5.2472800969219735e-21
0.4490000000000003 4.879681240611961e-21
0.4500000000000003 4.535697151052349e-21
0.4510000000000003 4.214043683865075e-21
0.4520000000000003 3.91347953917055e-21
0.4530000000000003 3.6328084389328055e-21
0.4540000000000003 3.370880640229644e-21
0.4550000000000003 3.126593876367526e-21
0.4560000000000003 2.8988938078373377e-21
0.4570000000000003 2.686774056077389e-21
0.4580000000000003 2.4892758848141096e-21
0.4590000000000003 2.3054875863220434e-21
0.4600000000000003 2.134543623227707e-21
0.4610000000000003 1.9756235704180607e-21
0.4620000000000003 1.827950896151251e-21
0.4630000000000003 1.6907916165570703e-21
0.4640000000000003 1.5634528533064305e-21
0.4650000000000003 1.445281320284242e-21
0.4660000000000003 1.3356617615736019e-21
0.4670000000000003 1.2340153599158027e-21
0.4680000000000003 1.1397981320141133e-21
0.4690000000000003 1.0524993245676377e-21
0.4700000000000003 9.71639822724632e-22
0.4710000000000003 8.96770580704818e-22
0.4720000000000003 8.274710826325116e-22
0.4730000000000003 7.633478401231217e-22
0.4740000000000003 7.040329318539679e-22
0.4750000000000003 6.491825892063327e-22
0.4760000000000003 5.984758310726368e-22
0.4770000000000003 5.51613150063032e-22
0.4780000000000003 5.083152516063606e-22
0.4790000000000003 4.683218468070027e-22
0.4800000000000003 4.313904993802057e-22
0.4810000000000003 3.9729552653306567e-22
0.4820000000000003 3.658269532765196e-22
0.4830000000000003 3.367895193368155e-22
0.4840000000000003 3.1000173757509436e-22
0.4850000000000003 2.852950026135863e-22
0.4860000000000003 2.6251274820052016e-22
0.4870000000000003 2.4150965171706994e-22
0.4880000000000003 2.221508841337633e-22
0.4890000000000003 2.0431140365601095e-22
0.4900000000000003 1.8787529125500928e-22
0.4910000000000003 1.7273512625734016e-22
0.4920000000000003 1.5879140016133722e-22
0.4930000000000003 1.4595196685763142e-22
0.4940000000000003 1.3413152745304228e-22
0.49500000000000033 1.2325114792871597e-22
0.49600000000000033 1.1323780790356908e-22
0.49700000000000033 1.0402397882072029e-22
0.49800000000000033 9.554722992648942e-23
0.49900000000000033 8.774986046734727e-23
