0.1 2.7104827911588345e-11
0.101 5.0070588177782644e-11
0.10200000000000001 7.212629463602312e-11
0.10300000000000001 8.385514220245283e-11
0.10400000000000001 7.968996664308834e-11
0.10500000000000001 6.13306157991272e-11
0.10600000000000001 3.654020052261586e-11
0.10700000000000001 1.4444879789591137e-11
0.10800000000000001 7.81623030247981e-13
0.10900000000000001 -3.975453907569709e-12
0.11000000000000001 -3.1542720487527288e-12
0.11100000000000002 -8.481728932140256e-13
0.11200000000000002 4.741286947155274e-13
0.11300000000000002 5.809805189817815e-13
0.11400000000000002 6.035262451478823e-13
0.11500000000000002 1.6991860978245157e-12
0.11600000000000002 4.145868114440112e-12
0.11700000000000002 7.203843407641594e-12
0.11800000000000002 9.59224160613912e-12
0.11900000000000002 1.0207349600127077e-11
0.12000000000000002 8.71242738998926e-12
0.12100000000000002 5.7445593711034255e-12
0.12200000000000003 2.654046049746732e-12
0.12300000000000003 8.869235454060482e-13
0.12400000000000003 1.2863445653838826e-12
0.12500000000000003 3.643205280637986e-12
0.12600000000000003 6.722937300165616e-12
0.12700000000000003 8.771070924089918e-12
0.12800000000000003 8.268223743939147e-12
0.12900000000000003 4.5882864160058915e-12
0.13000000000000003 -1.7301766874142344e-12
0.13100000000000003 -9.197423903803505e-12
0.13200000000000003 -1.5946631675866913e-11
0.13300000000000003 -2.04010296639369e-11
0.13400000000000004 -2.175968256091755e-11
0.13500000000000004 -2.014107947744207e-11
0.13600000000000004 -1.6387950445672348e-11
0.13700000000000004 -1.1670766680842735e-11
0.13800000000000004 -7.078594905437604e-12
0.13900000000000004 -3.348445487906117e-12
0.14000000000000004 -7.919650611611761e-13
0.14100000000000004 6.179850664084079e-13
0.14200000000000004 1.0966135132943005e-12
0.14300000000000004 9.31135977556546e-13
0.14400000000000004 4.555954951953387e-13
0.14500000000000005 1.1161890892083024e-13
0.14600000000000005 5.401392151668622e-13
0.14700000000000005 2.63026684634247e-12
0.14800000000000005 7.468014940590715e-12
0.14900000000000005 1.616907369616107e-11
0.15000000000000005 2.96277416246885e-11
0.15100000000000005 4.824991140456963e-11
0.15200000000000005 7.174970190241929e-11
0.15300000000000005 9.907459086559634e-11
0.15400000000000005 1.2848931773108373e-10
0.15500000000000005 1.5780642686295378e-10
0.15600000000000006 1.8471405951759733e-10
0.15700000000000006 2.0712936626955732e-10
0.15800000000000006 2.2350317329568607e-10
0.15900000000000006 2.3301697029580463e-10
0.16000000000000006 2.356410541757765e-10
0.16100000000000006 2.3205465386938226e-10
0.16200000000000006 2.2345711826216466e-10
0.16300000000000006 2.1131787865024007e-10
0.16400000000000006 1.971191207849249e-10
0.16500000000000006 1.821393564996751e-10
0.16600000000000006 1.6731135870019095e-10
0.16700000000000007 1.5316863967743895e-10
0.16800000000000007 1.3987545740916892e-10
0.16900000000000007 1.2732007452117415e-10
0.17000000000000007 1.1524206740249557e-10
0.17100000000000007 1.0336261663729378e-10
0.17200000000000007 9.149112545903248e-11
0.17300000000000007 7.959035407896086e-11
0.17400000000000007 6.779314494341709e-11
0.17500000000000007 5.63743882776093e-11
0.17600000000000007 4.569023265179423e-11
0.17700000000000007 3.610149269287957e-11
0.17800000000000007 2.7899356692116506e-11
0.17900000000000008 2.1249188298889627e-11
0.18000000000000008 1.616332750829155e-11
0.18100000000000008 1.2507505445530982e-11
0.18200000000000008 1.0039028471463329e-11
0.18300000000000008 8.469340093444416e-12
0.18400000000000008 7.539716073641814e-12
0.18500000000000008 7.097100810615276e-12
0.18600000000000008 7.157490499121543e-12
0.18700000000000008 7.946529972309495e-12
0.18800000000000008 9.910604944707314e-12
0.18900000000000008 1.369604585469866e-11
0.19000000000000009 2.0098461664977768e-11
0.1910000000000001 2.998811082379297e-11
0.1920000000000001 4.422014668881095e-11
0.1930000000000001 6.354027240155608e-11
0.1940000000000001 8.84967121805038e-11
0.1950000000000001 1.1936852454599098e-10
0.1960000000000001 1.5611835393304998e-10
0.1970000000000001 1.9837503773002286e-10
0.1980000000000001 2.4544839914566566e-10
0.1990000000000001 2.963754084290907e-10
0.2000000000000001 3.4999399833232663e-10
0.2010000000000001 4.050384264306268e-10
0.2020000000000001 4.6024836239299936e-10
0.2030000000000001 5.144829351309059e-10
0.2040000000000001 5.668308157047837e-10
0.2050000000000001 6.167079798659761e-10
0.2060000000000001 6.639359770911782e-10
0.2070000000000001 7.087951812446047e-10
0.2080000000000001 7.520494421588322e-10
0.2090000000000001 7.949406249563664e-10
0.2100000000000001 8.391535534862036e-10
0.2110000000000001 8.867537266162389e-10
0.2120000000000001 9.401017416881261e-10
0.2130000000000001 1.0017495620996632e-09
0.2140000000000001 1.0743245638656378e-09
0.2150000000000001 1.1604076795271204e-09
0.2160000000000001 1.2624119456421404e-09
0.2170000000000001 1.3824673939211548e-09
0.2180000000000001 1.5223175643589919e-09
0.2190000000000001 1.6832320305356093e-09
0.2200000000000001 1.865938286391874e-09
0.2210000000000001 2.070575223423239e-09
0.22200000000000011 2.2966692956577264e-09
0.22300000000000011 2.543133387029269e-09
0.22400000000000012 2.8082874113502026e-09
0.22500000000000012 3.08989882681193e-09
0.22600000000000012 3.3852405604690873e-09
0.22700000000000012 3.691163327485638e-09
0.22800000000000012 4.004178998354434e-09
0.22900000000000012 4.3205515089447295e-09
0.23000000000000012 4.6363918096275635e-09
0.23100000000000012 4.947753491769656e-09
0.23200000000000012 5.250725989526556e-09
0.23300000000000012 5.541522606961794e-09
0.23400000000000012 5.816561039232465e-09
0.23500000000000013 6.072534516822502e-09
0.23600000000000013 6.306472180154151e-09
0.23700000000000013 6.515787767519363e-09
0.23800000000000013 6.69831615433029e-09
0.23900000000000013 6.852337701744524e-09
0.24000000000000013 6.976590746787319e-09
0.24100000000000013 7.070272886560416e-09
0.24200000000000013 7.13303197153084e-09
0.24300000000000013 7.1649479256467505e-09
0.24400000000000013 7.166506654970848e-09
0.24500000000000013 7.138567394549307e-09
0.24600000000000014 7.082324879844167e-09
0.24700000000000014 6.999267719900174e-09
0.24800000000000014 6.891134300932801e-09
0.24900000000000014 6.759867468058893e-09
0.2500000000000001 6.607569126366541e-09
0.2510000000000001 6.436455777205116e-09
0.2520000000000001 6.2488158678437055e-09
0.2530000000000001 6.046969688307576e-09
0.2540000000000001 5.833232403442504e-09
0.2550000000000001 5.6098806654854814e-09
0.2560000000000001 5.3791231163298515e-09
0.2570000000000001 5.143074962158506e-09
0.2580000000000001 4.9037366883720624e-09
0.2590000000000001 4.662976881251758e-09
0.2600000000000001 4.42251903544733e-09
0.2610000000000001 4.1839321535030176e-09
0.2620000000000001 3.948624885092767e-09
0.2630000000000001 3.7178429089078875e-09
0.2640000000000001 3.492669228397661e-09
0.2650000000000001 3.2740270327465903e-09
0.2660000000000001 3.062684765354208e-09
0.2670000000000001 2.859263042343264e-09
0.2680000000000001 2.664243071889277e-09
0.26900000000000013 2.4779762400690828e-09
0.27000000000000013 2.3006945491412385e-09
0.27100000000000013 2.1325216184337358e-09
0.27200000000000013 1.9734839851621476e-09
0.27300000000000013 1.8235224714728178e-09
0.27400000000000013 1.6825034138652885e-09
0.27500000000000013 1.550229581083733e-09
0.27600000000000013 1.426450635888979e-09
0.27700000000000014 1.3108730242690058e-09
0.27800000000000014 1.2031692021670015e-09
0.27900000000000014 1.1029861343631183e-09
0.28000000000000014 1.0099530225020996e-09
0.28100000000000014 9.236882392594742e-10
0.28200000000000014 8.438054632151862e-10
0.28300000000000014 7.699190241464439e-10
0.28400000000000014 7.016484812130769e-10
0.28500000000000014 6.386224669823781e-10
0.28600000000000014 5.804818385580702e-10
0.28700000000000014 5.26882183396393e-10
0.28800000000000014 4.774957318871989e-10
0.28900000000000015 4.3201273163631633e-10
0.29000000000000015 3.901423398002872e-10
0.29100000000000015 3.5161308998746785e-10
0.29200000000000015 3.161729893386749e-10
0.29300000000000015 2.835892996170718e-10
0.29400000000000015 2.536480536388587e-10
0.29500000000000015 2.2615335532338824e-10
0.29600000000000015 2.009265081746786e-10
0.29700000000000015 1.7780501325685156e-10
0.29800000000000015 1.5664147380714103e-10
0.29900000000000015 1.3730243964103752e-10
0.30000000000000016 1.196672205302096e-10
0.30100000000000016 1.0362669384577963e-10
0.30200000000000016 8.908212801552633e-11
0.30300000000000016 7.59440397897048e-11
0.30400000000000016 6.413109998149172e-11
0.30500000000000016 5.3569099269935936e-11
0.30600000000000016 4.418998284183776e-11
0.30700000000000016 3.5930960113653444e-11
0.30800000000000016 2.8733693517196293e-11
0.30900000000000016 2.2543568350587014e-11
0.31000000000000016 1.730904398098456e-11
0.31100000000000017 1.2981085226693126e-11
0.31200000000000017 9.51267152903946e-12
0.31300000000000017 6.858380532886058e-12
0.31400000000000017 4.974041910914731e-12
0.31500000000000017 3.8164566723747196e-12
0.31600000000000017 3.3431767727637225e-12
0.31700000000000017 3.5123395681753525e-12
0.31800000000000017 4.282551517722157e-12
0.3190000000000002 5.612815512196546e-12
0.3200000000000002 7.462496279268145e-12
0.3210000000000002 9.791318469253018e-12
0.3220000000000002 1.2559392245902068e-11
0.3230000000000002 1.572726147976631e-11
0.3240000000000002 1.9255969955347275e-11
0.3250000000000002 2.3107141345913173e-11
0.3260000000000002 2.7243069071955335e-11
0.3270000000000002 3.162681253171419e-11
0.3280000000000002 3.62222965677818e-11
0.3290000000000002 4.099441140584909e-11
0.3300000000000002 4.59091106650355e-11
0.3310000000000002 5.0933505389310383e-11
0.3320000000000002 5.603595238287685e-11
0.3330000000000002 6.118613544640665e-11
0.3340000000000002 6.635513840340823e-11
0.3350000000000002 7.151550907578445e-11
0.3360000000000002 7.664131361367246e-11
0.3370000000000002 8.170818080680731e-11
0.3380000000000002 8.669333620300461e-11
0.3390000000000002 9.157562603424651e-11
0.3400000000000002 9.633553110310786e-11
0.3410000000000002 1.0095517091286407e-10
0.3420000000000002 1.0541829843452561e-10
0.3430000000000002 1.0971028599476977e-10
0.3440000000000002 1.1381810284144513e-10
0.3450000000000002 1.177302849995817e-10
0.3460000000000002 1.2143689807199268e-10
0.3470000000000002 1.2492949366611142e-10
0.3480000000000002 1.2820106014418174e-10
0.3490000000000002 1.3124596839852353e-10
0.3500000000000002 1.340599133488876e-10
0.3510000000000002 1.3663985184604501e-10
0.3520000000000002 1.3898393764604909e-10
0.3530000000000002 1.4109145409402316e-10
0.3540000000000002 1.4296274512620506e-10
0.3550000000000002 1.4459914516499148e-10
0.3560000000000002 1.4600290844494176e-10
0.3570000000000002 1.4717713826893316e-10
0.3580000000000002 1.481257166534308e-10
0.3590000000000002 1.4885323478109058e-10
0.3600000000000002 1.4936492463787026e-10
0.3610000000000002 1.496665921712891e-10
0.3620000000000002 1.4976455226660533e-10
0.3630000000000002 1.496655657989842e-10
0.3640000000000002 1.4937677898246164e-10
0.3650000000000002 1.4890566520086647e-10
0.3660000000000002 1.4825996947206855e-10
0.3670000000000002 1.4744765566512692e-10
0.3680000000000002 1.464768565601883e-10
0.3690000000000002 1.4535582681338583e-10
0.3700000000000002 1.4409289886361585e-10
0.3710000000000002 1.4269644179483244e-10
0.3720000000000002 1.411748231464344e-10
0.3730000000000002 1.3953637364541254e-10
0.3740000000000002 1.3778935481699567e-10
0.3750000000000002 1.3594192941569049e-10
0.3760000000000002 1.340021346056001e-10
0.3770000000000002 1.3197785780773563e-10
0.3780000000000002 1.2987681512257444e-10
0.3790000000000002 1.2770653222825496e-10
0.3800000000000002 1.2547432764845098e-10
0.3810000000000002 1.2318729827897666e-10
0.38200000000000023 1.208523070585068e-10
0.38300000000000023 1.1847597266625595e-10
0.38400000000000023 1.1606466112801952e-10
0.38500000000000023 1.1362447921147562e-10
0.38600000000000023 1.1116126949202597e-10
0.38700000000000023 1.0868060697157181e-10
0.38800000000000023 1.0618779713444994e-10
0.38900000000000023 1.0368787532712965e-10
0.39000000000000024 1.0118560735118972e-10
0.39100000000000024 9.868549116241923e-11
0.39200000000000024 9.61917595725873e-11
0.39300000000000024 9.370838385440293e-11
0.39400000000000024 9.123907815442202e-11
0.39500000000000024 8.878730462304596e-11
0.39600000000000024 8.635627917527912e-11
0.39700000000000024 8.39489778005481e-11
0.39800000000000024 8.156814334449359e-11
0.39900000000000024 7.921629269034585e-11
0.40000000000000024 7.689572427207873e-11
0.40100000000000025 7.460852585615019e-11
0.40200000000000025 7.235658253309038e-11
0.40300000000000025 7.014158486460715e-11
0.40400000000000025 6.79650371361467e-11
0.40500000000000025 6.582826566895975e-11
0.40600000000000025 6.373242714973114e-11
0.40700000000000025 6.167851693964177e-11
0.40800000000000025 5.966737732839071e-11
0.40900000000000025 5.7699705702206776e-11
0.41000000000000025 5.577606259817293e-11
0.41100000000000025 5.3896879620347516e-11
0.41200000000000025 5.2062467196098895e-11
0.41300000000000026 5.027302215387426e-11
0.41400000000000026 4.8528635106216963e-11
0.41500000000000026 4.682929762428426e-11
0.41600000000000026 4.517490919237955e-11
0.41700000000000026 4.356528393312276e-11
0.41800000000000026 4.200015709581212e-11
0.41900000000000026 4.04791913023212e-11
0.42000000000000026 3.900198254652384e-11
0.42100000000000026 3.756806594471594e-11
0.42200000000000026 3.617692123588599e-11
0.42300000000000026 3.482797803190176e-11
0.42400000000000027 3.3520620818800103e-11
0.42500000000000027 3.22541937113511e-11
0.42600000000000027 3.1028004963962436e-11
0.42700000000000027 2.98413312417644e-11
0.42800000000000027 2.8693421656398467e-11
0.42900000000000027 2.7583501571638712e-11
0.43000000000000027 2.6510776184476618e-11
0.43100000000000027 2.547443388773665e-11
0.4320000000000003 2.4473649420657056e-11
0.4330000000000003 2.3507586814159045e-11
0.4340000000000003 2.2575402137767545e-11
0.4350000000000003 2.1676246055322864e-11
0.4360000000000003 2.080926619675355e-11
0.4370000000000003 1.997360935326027e-11
0.4380000000000003 1.9168423503301945e-11
0.4390000000000003 1.839285967677692e-11
0.4400000000000003 1.7646073664761945e-11
0.4410000000000003 1.6927227582107795e-11
0.4420000000000003 1.6235491290103846e-11
0.4430000000000003 1.557004368631195e-11
0.4440000000000003 1.493007386853709e-11
0.4450000000000003 1.431478217975052e-11
0.4460000000000003 1.3723381140621104e-11
0.4470000000000003 1.315509627612503e-11
0.4480000000000003 1.2609166842521936e-11
0.4490000000000003 1.208484646078497e-11
0.4500000000000003 1.1581403662368027e-11
0.4510000000000003 1.1098122352985451e-11
0.4520000000000003 1.0634302199866787e-11
0.4530000000000003 1.01892589477321e-11
0.4540000000000003 9.762324668519651e-12
0.4550000000000003 9.35284794968046e-12
0.4560000000000003 8.960194025639962e-12
0.4570000000000003 8.583744856812934e-12
0.4580000000000003 8.222899160349726e-12
0.4590000000000003 7.877072396582913e-12
0.4600000000000003 7.545696714941408e-12
0.4610000000000003 7.2282208629018036e-12
0.4620000000000003 6.924110061351137e-12
0.4630000000000003 6.632845849549492e-12
0.4640000000000003 6.353925902696157e-12
0.4650000000000003 6.086863824927364e-12
0.4660000000000003 5.83118892040309e-12
0.4670000000000003 5.58644594497453e-12
0.4680000000000003 5.352194840766366e-12
0.4690000000000003 5.128010455854879e-12
0.4700000000000003 4.913482251077964e-12
0.4710000000000003 4.708213995872042e-12
0.4720000000000003 4.511823454898462e-12
0.4730000000000003 4.323942067093625e-12
0.4740000000000003 4.144214618656906e-12
0.4750000000000003 3.9722989113732166e-12
0.4760000000000003 3.8078654275597595e-12
0.4770000000000003 3.650596992820315e-12
0.4780000000000003 3.5001884376941416e-12
0.4790000000000003 3.35634625919185e-12
0.4800000000000003 3.218788283124046e-12
0.4810000000000003 3.0872433280453264e-12
0.4820000000000003 2.9614508715586635e-12
0.4830000000000003 2.841160719651811e-12
0.4840000000000003 2.726132679668992e-12
0.4850000000000003 2.61613623745684e-12
0.4860000000000003 2.5109502391634893e-12
0.4870000000000003 2.4103625781135677e-12
0.4880000000000003 2.3141698871296036e-12
0.4890000000000003 2.2221772366215093e-12
0.4900000000000003 2.1341978387210118e-12
0.4910000000000003 2.0500527576953268e-12
0.4920000000000003 1.9695706268362933e-12
0.4930000000000003 1.8925873719845904e-12
0.4940000000000003 1.8189459418164055e-12
0.49500000000000033 1.748496044988656e-12
0.49600000000000033 1.681093894211789e-12
0.49700000000000033 1.6166019572931033e-12
0.49800000000000033 1.554888715170417e-12
0.49900000000000033 1.4958284269346593e-12
