0.1 4.819063493330622e-10
0.101 2.1290988312538234e-10
0.10200000000000001 1.2461226285317422e-09
0.10300000000000001 4.502446323550559e-09
0.10400000000000001 9.627906563890671e-09
0.10500000000000001 1.491296959977795e-08
0.10600000000000001 1.8183027611954186e-08
0.10700000000000001 1.8049694009910462e-08
0.10800000000000001 1.4668783809311408e-08
0.10900000000000001 9.551213335553309e-09
0.11000000000000001 4.649136715063805e-09
0.11100000000000002 1.3644308985993546e-09
0.11200000000000002 5.1124589335495254e-11
0.11300000000000002 1.6580693919159653e-10
0.11400000000000002 8.133693420331061e-10
0.11500000000000002 1.2885384088884909e-09
0.11600000000000002 1.3362974569742425e-09
0.11700000000000002 1.0896521228556665e-09
0.11800000000000002 8.238074133289529e-10
0.11900000000000002 7.161021203859471e-10
0.12000000000000002 7.421355492534271e-10
0.12100000000000002 7.358500460597833e-10
0.12200000000000003 5.536420224961759e-10
0.12300000000000003 2.405177460836607e-10
0.12400000000000003 1.0475017801964443e-10
0.12500000000000003 6.545756639786233e-10
0.12600000000000003 2.4144704825055593e-09
0.12700000000000003 5.693602263529007e-09
0.12800000000000003 1.0402979262929255e-08
0.12900000000000003 1.6000914978810212e-08
0.13000000000000003 2.1596266511055607e-08
0.13100000000000003 2.6177294812727442e-08
0.13200000000000003 2.8886893185031937e-08
0.13300000000000003 2.9250642943278366e-08
0.13400000000000004 2.7285875588050205e-08
0.13500000000000004 2.346588361816284e-08
0.13600000000000004 1.8563660511346816e-08
0.13700000000000004 1.3435192492599898e-08
0.13800000000000004 8.812893725591676e-09
0.13900000000000004 5.165748581743224e-09
0.14000000000000004 2.6532508037389924e-09
0.14100000000000004 1.1679981802939958e-09
0.14200000000000004 4.377229140638359e-10
0.14300000000000004 1.4733507494350425e-10
0.14400000000000004 4.5062474546124917e-11
0.14500000000000005 9.483326117736907e-12
0.14600000000000005 6.997447079348749e-11
0.14700000000000005 3.8644342880811715e-10
0.14800000000000005 1.2020952753986088e-09
0.14900000000000005 2.7849342597251045e-09
0.15000000000000005 5.371197216824075e-09
0.15100000000000005 9.119294266536951e-09
0.15200000000000005 1.4078236967304715e-08
0.15300000000000005 2.017127538106466e-08
0.15400000000000005 2.7193861775848504e-08
0.15500000000000005 3.482467024753579e-08
0.15600000000000006 4.264845760343256e-08
0.15700000000000006 5.018936666017661e-08
0.15800000000000006 5.695251727622228e-08
0.15900000000000006 6.247049198216969e-08
0.16000000000000006 6.635000684263787e-08
0.16100000000000006 6.831318492685961e-08
0.16200000000000006 6.822784779583971e-08
0.16300000000000006 6.612229736148994e-08
0.16400000000000006 6.218206960058889e-08
0.16500000000000006 5.672874192431959e-08
0.16600000000000006 5.0183559099248686e-08
0.16700000000000007 4.3020886546755746e-08
0.16800000000000007 3.571789136021123e-08
0.16900000000000007 2.870716828636108e-08
0.17000000000000007 2.2338268663786886e-08
0.17100000000000007 1.685245255769203e-08
0.17200000000000007 1.2372805510556238e-08
0.17300000000000007 8.909539837975467e-09
0.17400000000000007 6.3782164930006e-09
0.17500000000000007 4.627075303662626e-09
0.17600000000000007 3.4688252745854535e-09
0.17700000000000007 2.7121651694408048e-09
0.17800000000000007 2.1888987905322745e-09
0.17900000000000008 1.7736091303954605e-09
0.18000000000000008 1.3942395477809902e-09
0.18100000000000008 1.0333669438850882e-09
0.18200000000000008 7.212358413659956e-10
0.18300000000000008 5.225988257630237e-10
0.18400000000000008 5.199884353467234e-10
0.18500000000000008 7.962055630140967e-10
0.18600000000000008 1.4185860975135587e-09
0.18700000000000008 2.4270817584393044e-09
0.18800000000000008 3.827470390109423e-09
0.18900000000000008 5.590211348865451e-09
0.19000000000000009 7.654691482371169e-09
0.1910000000000001 9.937955309479884e-09
0.1920000000000001 1.2346540929701365e-08
0.1930000000000001 1.4789782464172226e-08
0.1940000000000001 1.7192893231758454e-08
0.1950000000000001 1.9508289796249598e-08
0.1960000000000001 2.1723915898645996e-08
0.1970000000000001 2.3867726794429506e-08
0.1980000000000001 2.6007944726414343e-08
0.1990000000000001 2.8249143886309213e-08
0.2000000000000001 3.0724624430482166e-08
0.2010000000000001 3.35858567703468e-08
0.2020000000000001 3.6989998535124766e-08
0.2030000000000001 4.108659867726475e-08
0.2040000000000001 4.600460868512922e-08
0.2050000000000001 5.184073146832939e-08
0.2060000000000001 5.8649972535741666e-08
0.2070000000000001 6.643903794263007e-08
0.2080000000000001 7.516297294031761e-08
0.2090000000000001 8.472517733947897e-08
0.2100000000000001 9.498068876600144e-08
0.2110000000000001 1.0574240991777228e-07
0.2120000000000001 1.1678978277535009e-07
0.2130000000000001 1.2787928888494285e-07
0.2140000000000001 1.3875608315930973e-07
0.2150000000000001 1.491660479090067e-07
0.2160000000000001 1.5886757946097687e-07
0.2170000000000001 1.676424846837356e-07
0.2180000000000001 1.7530546034031338e-07
0.2190000000000001 1.8171174497314284e-07
0.2200000000000001 1.867626615023529e-07
0.2210000000000001 1.904088999929117e-07
0.22200000000000011 1.926515162852282e-07
0.22300000000000011 1.9354073694232002e-07
0.22400000000000012 1.9317275936162222e-07
0.22500000000000012 1.916848146593963e-07
0.22600000000000012 1.8924881833753133e-07
0.22700000000000012 1.8606396946948936e-07
0.22800000000000012 1.8234867407874362e-07
0.22900000000000012 1.783321643780249e-07
0.23000000000000012 1.742461651490275e-07
0.23100000000000012 1.7031692479190827e-07
0.23200000000000012 1.6675788471133257e-07
0.23300000000000012 1.637632100097198e-07
0.23400000000000012 1.6150235006086835e-07
0.23500000000000013 1.601157422964578e-07
0.23600000000000013 1.5971171893795543e-07
0.23700000000000013 1.6036462650048439e-07
0.23800000000000013 1.621141232754923e-07
0.23900000000000013 1.6496558179744109e-07
0.24000000000000013 1.6889149220942864e-07
0.24100000000000013 1.738337387570197e-07
0.24200000000000013 1.7970660530282567e-07
0.24300000000000013 1.864003564208249e-07
0.24400000000000013 1.937852377232011e-07
0.24500000000000013 2.0171574184973407e-07
0.24600000000000014 2.1003499415594246e-07
0.24700000000000014 2.185791236580979e-07
0.24800000000000014 2.2718149930568613e-07
0.24900000000000014 2.3567672825578928e-07
0.2500000000000001 2.4390433067663596e-07
0.2510000000000001 2.517120239467616e-07
0.2520000000000001 2.589585672750726e-07
0.2530000000000001 2.6551613518360606e-07
0.2540000000000001 2.7127220451617724e-07
0.2550000000000001 2.7613095431635076e-07
0.2560000000000001 2.800141908145066e-07
0.2570000000000001 2.8286182072709617e-07
0.2580000000000001 2.846319050372931e-07
0.2590000000000001 2.8530033240378715e-07
0.2600000000000001 2.8486015640259874e-07
0.2610000000000001 2.833206440641746e-07
0.2620000000000001 2.807060847797363e-07
0.2630000000000001 2.77054408798394e-07
0.2640000000000001 2.7241566341761026e-07
0.2650000000000001 2.668503927890252e-07
0.2660000000000001 2.604279642243305e-07
0.2670000000000001 2.5322488019019104e-07
0.2680000000000001 2.453231110143349e-07
0.26900000000000013 2.3680847885885313e-07
0.27000000000000013 2.2776911890612923e-07
0.27100000000000013 2.182940390824612e-07
0.27200000000000013 2.0847179512987473e-07
0.27300000000000013 1.983892935225747e-07
0.27400000000000013 1.8813073068673848e-07
0.27500000000000013 1.777766732780529e-07
0.27600000000000013 1.674032809406152e-07
0.27700000000000014 1.5708167003850318e-07
0.27800000000000014 1.4687741432862625e-07
0.27900000000000014 1.3685017642994939e-07
0.28000000000000014 1.27053462229883e-07
0.28100000000000014 1.175344890350619e-07
0.28200000000000014 1.0833415729686933e-07
0.28300000000000014 9.948711509267756e-08
0.28400000000000014 9.102190418989465e-08
0.28500000000000014 8.296117642741824e-08
0.28600000000000014 7.53219692832988e-08
0.28700000000000014 6.811602982373481e-08
0.28800000000000014 6.13501767133634e-08
0.28900000000000015 5.502669057818362e-08
0.29000000000000015 4.914372372053486e-08
0.29100000000000015 4.3695720962816534e-08
0.29200000000000015 3.867384421831594e-08
0.29300000000000015 3.406639423169639e-08
0.29400000000000015 2.98592237790565e-08
0.29500000000000015 2.6036137451892193e-08
0.29600000000000015 2.257927395689302e-08
0.29700000000000015 1.946946763339123e-08
0.29800000000000015 1.6686586613718337e-08
0.29900000000000015 1.4209845722210903e-08
0.30000000000000016 1.2018092821734654e-08
0.30100000000000016 1.0090067869571693e-08
0.30200000000000016 8.404634436203638e-09
0.30300000000000016 6.940983871038766e-09
0.30400000000000016 5.678812669731898e-09
0.30500000000000016 4.598473910599835e-09
0.30600000000000016 3.681103885588519e-09
0.30700000000000016 2.908725257792658e-09
0.30800000000000016 2.2643282364579926e-09
0.30900000000000016 1.731931375836227e-09
0.31000000000000016 1.2966236804700601e-09
0.31100000000000017 9.44589740747024e-10
0.31200000000000017 6.631196331443772e-10
0.31300000000000017 4.4060530363035337e-10
0.31400000000000017 2.6652511417694884e-10
0.31500000000000017 1.3141817502513875e-10
0.31600000000000017 2.685001275148451e-11
0.31700000000000017 -5.462896044335543e-11
0.31800000000000017 -1.1953080451479244e-10
0.3190000000000002 -1.7348196482853564e-10
0.3200000000000002 -2.2127857344473067e-10
0.3210000000000002 -2.6694407708372226e-10
0.3220000000000002 -3.1378823664927857e-10
0.3230000000000002 -3.644666479985615e-10
0.3240000000000002 -4.210400357458183e-10
0.3250000000000002 -4.85032670207412e-10
0.3260000000000002 -5.574893512860902e-10
0.3270000000000002 -6.390304914950786e-10
0.3280000000000002 -7.299049129524294e-10
0.3290000000000002 -8.30040049710691e-10
0.3300000000000002 -9.39089317030284e-10
0.3310000000000002 -1.0564764730927198e-09
0.3320000000000002 -1.1814368562033633e-09
0.3330000000000002 -1.3130554318801128e-09
0.3340000000000002 -1.4503016295397822e-09
0.3350000000000002 -1.5920609880339994e-09
0.3360000000000002 -1.7371636633293546e-09
0.3370000000000002 -1.8844098805044408e-09
0.3380000000000002 -2.032592436292525e-09
0.3390000000000002 -2.1805163779938887e-09
0.3400000000000002 -2.3270160000895e-09
0.3410000000000002 -2.4709693116787004e-09
0.3420000000000002 -2.611310136300367e-09
0.3430000000000002 -2.747038011146625e-09
0.3440000000000002 -2.8772260554756887e-09
0.3450000000000002 -3.001026978517315e-09
0.3460000000000002 -3.117677395643925e-09
0.3470000000000002 -3.2265006183527267e-09
0.3480000000000002 -3.326908078939789e-09
0.3490000000000002 -3.4183995448974627e-09
0.3500000000000002 -3.5005622712649595e-09
0.3510000000000002 -3.573069231616543e-09
0.3520000000000002 -3.6356765602725357e-09
0.3530000000000002 -3.6882203298325554e-09
0.3540000000000002 -3.7306127794116196e-09
0.3550000000000002 -3.762838100133268e-09
0.3560000000000002 -3.784947875619803e-09
0.3570000000000002 -3.797056266511521e-09
0.3580000000000002 -3.799335019527271e-09
0.3590000000000002 -3.792008373320333e-09
0.3600000000000002 -3.775347925436225e-09
0.3610000000000002 -3.74966751709369e-09
0.3620000000000002 -3.7153181853151298e-09
0.3630000000000002 -3.6726832251572044e-09
0.3640000000000002 -3.6221733984499135e-09
0.3650000000000002 -3.564222319555322e-09
0.3660000000000002 -3.4992820432045026e-09
0.3670000000000002 -3.4278188744654216e-09
0.3680000000000002 -3.350309416324885e-09
0.3690000000000002 -3.2672368662253647e-09
0.3700000000000002 -3.1790875691679863e-09
0.3710000000000002 -3.086347831660273e-09
0.3720000000000002 -2.9895009978321796e-09
0.3730000000000002 -2.8890247864472085e-09
0.3740000000000002 -2.785388885275491e-09
0.3750000000000002 -2.6790527973519598e-09
0.3760000000000002 -2.5704639319909552e-09
0.3770000000000002 -2.460055932049764e-09
0.3780000000000002 -2.3482472278033097e-09
0.3790000000000002 -2.2354398068897273e-09
0.3800000000000002 -2.1220181890923894e-09
0.3810000000000002 -2.0083485942156364e-09
0.38200000000000023 -1.8947782909718367e-09
0.38300000000000023 -1.7816351146067423e-09
0.38400000000000023 -1.6692271409315933e-09
0.38500000000000023 -1.5578425044878902e-09
0.38600000000000023 -1.4477493487285139e-09
0.38700000000000023 -1.3391958963425957e-09
0.38800000000000023 -1.2324106281690463e-09
0.38900000000000023 -1.1276025595214646e-09
0.39000000000000024 -1.0249616031753603e-09
0.39100000000000024 -9.246590087363747e-10
0.39200000000000024 -8.268478686069104e-10
0.39300000000000024 -7.316636812893829e-10
0.39400000000000024 -6.392249633011773e-10
0.39500000000000024 -5.496339015206639e-10
0.39600000000000024 -4.629770383318552e-10
0.39700000000000024 -3.793259824810559e-10
0.39800000000000024 -2.9873813909796376e-10
0.39900000000000024 -2.212574528629404e-10
0.40000000000000024 -1.4691515881786817e-10
0.40100000000000025 -7.573053581796634e-11
0.40200000000000025 -7.71165810345186e-12
0.40300000000000025 5.714385906809841e-11
0.40400000000000025 1.188481233470721e-10
0.40500000000000025 1.774222419747667e-10
0.40600000000000025 2.328956140280588e-10
0.40700000000000025 2.853052406573432e-10
0.40800000000000025 3.346950554000669e-10
0.40900000000000025 3.811152763262969e-10
0.41000000000000025 4.246217814696875e-10
0.41100000000000025 4.6527550871701736e-10
0.41200000000000025 5.031418810711929e-10
0.41300000000000026 5.382902579657111e-10
0.41400000000000026 5.707934130926739e-10
0.41500000000000026 6.007270390098237e-10
0.41600000000000026 6.281692786152266e-10
0.41700000000000026 6.532002834186141e-10
0.41800000000000026 6.759017983968111e-10
0.41900000000000026 6.963567730944927e-10
0.42000000000000026 7.146489985211587e-10
0.42100000000000026 7.308627692987213e-10
0.42200000000000026 7.450825704312804e-10
0.42300000000000026 7.573927879978856e-10
0.42400000000000027 7.678774430099603e-10
0.42500000000000027 7.766199476266518e-10
0.42600000000000027 7.837028828823007e-10
0.42700000000000027 7.892077970504267e-10
0.42800000000000027 7.932150237467918e-10
0.42900000000000027 7.958035188594467e-10
0.43000000000000027 7.970507153860336e-10
0.43100000000000027 7.970323952565217e-10
0.4320000000000003 7.958225772230492e-10
0.4330000000000003 7.934934199065984e-10
0.4340000000000003 7.9011513910259e-10
0.4350000000000003 7.857559384631926e-10
0.4360000000000003 7.80481952693374e-10
0.4370000000000003 7.743572024192123e-10
0.4380000000000003 7.674435599111052e-10
0.4390000000000003 7.598007248701803e-10
0.4400000000000003 7.514862095137856e-10
0.4410000000000003 7.425553322243083e-10
0.4420000000000003 7.330612190550794e-10
0.4430000000000003 7.230548124174233e-10
0.4440000000000003 7.125848863031401e-10
0.4450000000000003 7.01698067427686e-10
0.4460000000000003 6.904388617098968e-10
0.4470000000000003 6.788496855347048e-10
0.4480000000000003 6.669709012755301e-10
0.4490000000000003 6.548408565828158e-10
0.4500000000000003 6.424959269743712e-10
0.4510000000000003 6.299705612918474e-10
0.4520000000000003 6.172973296153802e-10
0.4530000000000003 6.045069732555427e-10
0.4540000000000003 5.916284564678707e-10
0.4550000000000003 5.786890195604539e-10
0.4560000000000003 5.65714233089415e-10
0.4570000000000003 5.527280528603791e-10
0.4580000000000003 5.397528754764036e-10
0.4590000000000003 5.268095941941278e-10
0.4600000000000003 5.139176548702992e-10
0.4610000000000003 5.010951118000857e-10
0.4620000000000003 4.883586832669377e-10
0.4630000000000003 4.757238066411866e-10
0.4640000000000003 4.632046928808431e-10
0.4650000000000003 4.5081438030356917e-10
0.4660000000000003 4.3856478751335717e-10
0.4670000000000003 4.2646676537895697e-10
0.4680000000000003 4.1453014797397573e-10
0.4690000000000003 4.0276380240040373e-10
0.4700000000000003 3.9117567742845954e-10
0.4710000000000003 3.797728508959493e-10
0.4720000000000003 3.6856157581994356e-10
0.4730000000000003 3.575473251823574e-10
0.4740000000000003 3.467348353592964e-10
0.4750000000000003 3.361281481714255e-10
0.4760000000000003 3.257306515396312e-10
0.4770000000000003 3.1554511873646325e-10
0.4780000000000003 3.0557374622964704e-10
0.4790000000000003 2.95818190119161e-10
0.4800000000000003 2.8627960117408356e-10
0.4810000000000003 2.7695865847969417e-10
0.4820000000000003 2.678556017091313e-10
0.4830000000000003 2.5897026203726934e-10
0.4840000000000003 2.503020917175615e-10
0.4850000000000003 2.4185019234519054e-10
0.4860000000000003 2.336133418322245e-10
0.4870000000000003 2.2559002012248348e-10
0.4880000000000003 2.177784336755199e-10
0.4890000000000003 2.1017653875058017e-10
0.4900000000000003 2.0278206352262962e-10
0.4910000000000003 1.9559252906345388e-10
0.4920000000000003 1.88605269221677e-10
0.4930000000000003 1.8181744943603354e-10
0.4940000000000003 1.7522608451670156e-10
0.49500000000000033 1.6882805542967245e-10
0.49600000000000033 1.626201251192727e-10
0.49700000000000033 1.5659895340387927e-10
0.49800000000000033 1.507611109797241e-10
0.49900000000000033 1.4510309256740454e-10
