0.1 3.9045303078841763e-11
0.101 7.151001893468981e-11
0.10200000000000001 1.0137665163894216e-10
0.10300000000000001 1.1510336809281743e-10
0.10400000000000001 1.055482757994758e-10
0.10500000000000001 7.649837245783066e-11
0.10600000000000001 4.018723900599144e-11
0.10700000000000001 9.940672730851973e-12
0.10800000000000001 -6.711004018184403e-12
0.10900000000000001 -1.0260420334229045e-11
0.11000000000000001 -6.492488778087731e-12
0.11100000000000002 -1.717728510563949e-12
0.11200000000000002 6.695428090244526e-13
0.11300000000000002 7.904406706187906e-13
0.11400000000000002 6.948383486650385e-13
0.11500000000000002 2.2496580078325813e-12
0.11600000000000002 5.834657987328882e-12
0.11700000000000002 1.0263221970113447e-11
0.11800000000000002 1.3603389629352256e-11
0.11900000000000002 1.4286038844658191e-11
0.12000000000000002 1.1943304461338354e-11
0.12100000000000002 7.63183051471552e-12
0.12200000000000003 3.3643523497659657e-12
0.12300000000000003 1.1569054935635017e-12
0.12400000000000003 2.0216748559933203e-12
0.12500000000000003 5.38662789993333e-12
0.12600000000000003 9.243643291412602e-12
0.12700000000000003 1.0983147685380827e-11
0.12800000000000003 8.538372013838941e-12
0.12900000000000003 1.3142148010910664e-12
0.13000000000000003 -9.511169787998066e-12
0.13100000000000003 -2.141857104794647e-11
0.13200000000000003 -3.1486958644039776e-11
0.13300000000000003 -3.7414466310859963e-11
0.13400000000000004 -3.820928279082449e-11
0.13500000000000004 -3.4329461023873484e-11
0.13600000000000004 -2.7306858027828918e-11
0.13700000000000004 -1.9088721246919772e-11
0.13800000000000004 -1.1395403003818477e-11
0.13900000000000004 -5.3216900041115325e-12
0.14000000000000004 -1.2591971816069512e-12
0.14100000000000004 9.323205621002794e-13
0.14200000000000004 1.6628278784422773e-12
0.14300000000000004 1.415874957548205e-12
0.14400000000000004 7.045675776777838e-13
0.14500000000000005 1.687021556582434e-13
0.14600000000000005 7.247786383785232e-13
0.14700000000000005 3.65282772854741e-12
0.14800000000000005 1.0530926628571085e-11
0.14900000000000005 2.2992907895270567e-11
0.15000000000000005 4.235819423713759e-11
0.15100000000000005 6.923668470605958e-11
0.15200000000000005 1.0322844548549265e-10
0.15300000000000005 1.4281474209257597e-10
0.15400000000000005 1.854842429815384e-10
0.15500000000000005 2.2807453506909006e-10
0.15600000000000006 2.672539438228385e-10
0.15700000000000006 3.0003663285008007e-10
0.15800000000000006 3.242213267961123e-10
0.15900000000000006 3.386682856717499e-10
0.16000000000000006 3.433712432119841e-10
0.16100000000000006 3.3932861458330093e-10
0.16200000000000006 3.2825954590312494e-10
0.16300000000000006 3.122367686766139e-10
0.16400000000000006 2.933159427474172e-10
0.16500000000000006 2.7323123529533664e-10
0.16600000000000006 2.5320402996931726e-10
0.16700000000000007 2.3388263636590657e-10
0.16800000000000007 2.1540260499819258e-10
0.16900000000000007 1.9753535464587644e-10
0.17000000000000007 1.79880650321854e-10
0.17100000000000007 1.6205687554555037e-10
0.17200000000000007 1.4385064253530846e-10
0.17300000000000007 1.2530115357900134e-10
0.17400000000000007 1.0671124224065845e-10
0.17500000000000007 8.859267294172518e-11
0.17600000000000007 7.156529360749352e-11
0.17700000000000007 5.6236363126515167e-11
0.17800000000000007 4.3087367807487234e-11
0.17900000000000008 3.2391527725045656e-11
0.18000000000000008 2.417738296657121e-11
0.18100000000000008 1.8244157941487314e-11
0.18200000000000008 1.4224885818455446e-11
0.18300000000000008 1.1685125813673649e-11
0.18400000000000008 1.0239641824660726e-11
0.18500000000000008 9.667181964286412e-12
0.18600000000000008 1.0004494924770847e-11
0.18700000000000008 1.1604460296047091e-11
0.18800000000000008 1.514888675463784e-11
0.18900000000000008 2.161316973168468e-11
0.19000000000000009 3.218661615156701e-11
0.1910000000000001 4.815797892559121e-11
0.1920000000000001 7.077995492566241e-11
0.1930000000000001 1.0112870915952164e-10
0.1940000000000001 1.3997478973886556e-10
0.1950000000000001 1.8768023401753076e-10
0.1960000000000001 2.441335716351303e-10
0.1970000000000001 3.0873026993470613e-10
0.1980000000000001 3.8040146607961474e-10
0.1990000000000001 4.5768910846997365e-10
0.2000000000000001 5.388613502436329e-10
0.2010000000000001 6.220585658432304e-10
0.2020000000000001 7.054579450796355e-10
0.2030000000000001 7.874433792057871e-10
0.2040000000000001 8.667672920816408e-10
0.2050000000000001 9.426920854808563e-10
0.2060000000000001 1.0151007803517372e-09
0.2070000000000001 1.0845690120058365e-09
0.2080000000000001 1.152393517659672e-09
0.2090000000000001 1.2205753795240035e-09
0.2100000000000001 1.291759315790197e-09
0.2110000000000001 1.3691330413740352e-09
0.2120000000000001 1.4562929924252057e-09
0.2130000000000001 1.5570844170790908e-09
0.2140000000000001 1.6754249251551401e-09
0.2150000000000001 1.815121055079327e-09
0.2160000000000001 1.979687292484626e-09
0.2170000000000001 2.1721763301818294e-09
0.2180000000000001 2.395028285847632e-09
0.2190000000000001 2.6499451985747046e-09
0.2200000000000001 2.937795520672594e-09
0.2210000000000001 3.258551616847361e-09
0.22200000000000011 3.611261580631929e-09
0.22300000000000011 3.994055065873987e-09
0.22400000000000012 4.404181380942038e-09
0.22500000000000012 4.838076858755114e-09
0.22600000000000012 5.2914575320699994e-09
0.22700000000000012 5.75943242846092e-09
0.22800000000000012 6.2366323550459044e-09
0.22900000000000012 6.71734885769146e-09
0.23000000000000012 7.195678090677263e-09
0.23100000000000012 7.665664590130673e-09
0.23200000000000012 8.121440372030263e-09
0.23300000000000012 8.557355334646368e-09
0.23400000000000012 8.968095596754708e-09
0.23500000000000013 9.348787109169163e-09
0.23600000000000013 9.69508260327529e-09
0.23700000000000013 1.0003230655621394e-08
0.23800000000000013 1.0270126326297805e-08
0.23900000000000013 1.0493343450053303e-08
0.24000000000000013 1.0671149207365426e-08
0.24100000000000013 1.0802502067591587e-08
0.24200000000000013 1.0887034572159952e-08
0.24300000000000013 1.0925022711047933e-08
0.24400000000000013 1.0917343842619531e-08
0.24500000000000013 1.0865425220302779e-08
0.24600000000000014 1.077118522691785e-08
0.24700000000000014 1.0636969387653656e-08
0.24800000000000014 1.0465483145731615e-08
0.24900000000000014 1.0259723251180991e-08
0.2500000000000001 1.0022909443377562e-08
0.2510000000000001 9.758417912241111e-09
0.2520000000000001 9.469717810750708e-09
0.2530000000000001 9.16031187131479e-09
0.2540000000000001 8.833681958132653e-09
0.2550000000000001 8.493240173412374e-09
0.2560000000000001 8.142285932478747e-09
0.2570000000000001 7.783969235515936e-09
0.2580000000000001 7.421260194991321e-09
0.2590000000000001 7.056924729703232e-09
0.2600000000000001 6.693506209985305e-09
0.2610000000000001 6.3333127341839865e-09
0.2620000000000001 5.978409633720244e-09
0.2630000000000001 5.63061674191542e-09
0.2640000000000001 5.291509918932105e-09
0.2650000000000001 4.962426299960607e-09
0.2660000000000001 4.6444727242495865e-09
0.2670000000000001 4.338536806696534e-09
0.2680000000000001 4.045300129386695e-09
0.26900000000000013 3.765253055625021e-09
0.27000000000000013 3.498710701651173e-09
0.27100000000000013 3.2458296394783834e-09
0.27200000000000013 3.0066249464308075e-09
0.27300000000000013 2.780987261408922e-09
0.27400000000000013 2.56869955332077e-09
0.27500000000000013 2.369453352300708e-09
0.27600000000000013 2.182864238304574e-09
0.27700000000000014 2.0084864236220015e-09
0.27800000000000014 1.8458263051514737e-09
0.27900000000000014 1.6943548984748084e-09
0.28000000000000014 1.5535190985290526e-09
0.28100000000000014 1.4227517408096888e-09
0.28200000000000014 1.3014804624794277e-09
0.28300000000000014 1.1891353845173239e-09
0.28400000000000014 1.0851556542268578e-09
0.28500000000000014 9.889949021907296e-10
0.28600000000000014 9.001256793301665e-10
0.28700000000000014 8.180429483466739e-10
0.28800000000000014 7.422667097693389e-10
0.28900000000000015 6.723438463892068e-10
0.29000000000000015 6.078492713286637e-10
0.29100000000000015 5.483864646583914e-10
0.29200000000000015 4.935874816202668e-10
0.29300000000000015 4.4311251241227807e-10
0.29400000000000015 3.966490693904595e-10
0.29500000000000015 3.53910872679322e-10
0.29600000000000015 3.146364997632134e-10
0.29700000000000015 2.7858785884780983e-10
0.29800000000000015 2.455485397978676e-10
0.29900000000000015 2.1532209041744457e-10
0.30000000000000016 1.877302598642e-10
0.30100000000000016 1.626112451802059e-10
0.30200000000000016 1.3981797135960898e-10
0.30300000000000016 1.192164301220963e-10
0.30400000000000016 1.0068409766797409e-10
0.30500000000000016 8.410844718906274e-11
0.30600000000000016 6.938556781942822e-11
0.30700000000000016 5.641889804152171e-11
0.30800000000000016 4.511807831598603e-11
0.30900000000000016 3.5397924869705056e-11
0.31000000000000016 2.7177524142685378e-11
0.31100000000000017 2.0379445340779863e-11
0.31200000000000017 1.492906684495915e-11
0.31300000000000017 1.0754010863317356e-11
0.31400000000000017 7.783679651372413e-12
0.31500000000000017 5.948885840943817e-12
0.31600000000000017 5.181568878836716e-12
0.31700000000000017 5.414589255365801e-12
0.31800000000000017 6.581592070691239e-12
0.3190000000000002 8.616931518130974e-12
0.3200000000000002 1.145564803171863e-11
0.3210000000000002 1.5033490126981036e-11
0.3220000000000002 1.928697333726832e-11
0.3230000000000002 2.4153469092512404e-11
0.3240000000000002 2.9571316885358013e-11
0.3250000000000002 3.547995360450234e-11
0.3260000000000002 4.1820054473027004e-11
0.3270000000000002 4.853368059751495e-11
0.3280000000000002 5.556442870159153e-11
0.3290000000000002 6.285757917583577e-11
0.3300000000000002 7.036023911760228e-11
0.3310000000000002 7.802147755279981e-11
0.3320000000000002 8.579245052250213e-11
0.3330000000000002 9.362651417694095e-11
0.3340000000000002 1.0147932444496942e-10
0.3350000000000002 1.0930892223741206e-10
0.3360000000000002 1.1707580349650096e-10
0.3370000000000002 1.247429737209571e-10
0.3380000000000002 1.3227598687762788e-10
0.3390000000000002 1.396429688566848e-10
0.3400000000000002 1.4681462583967935e-10
0.3410000000000002 1.5376423812991908e-10
0.3420000000000002 1.6046764014423222e-10
0.3430000000000002 1.6690318738664148e-10
0.3440000000000002 1.7305171131961858e-10
0.3450000000000002 1.7889646311985343e-10
0.3460000000000002 1.844230473549352e-10
0.3470000000000002 1.8961934664729676e-10
0.3480000000000002 1.9447543840451244e-10
0.3490000000000002 1.9898350469237103e-10
0.3500000000000002 2.03137736311439e-10
0.3510000000000002 2.0693423211074205e-10
0.3520000000000002 2.103708945357331e-10
0.3530000000000002 2.134473223632512e-10
0.3540000000000002 2.1616470152571187e-10
0.3550000000000002 2.185256948712457e-10
0.3560000000000002 2.2053433164748642e-10
0.3570000000000002 2.2219589743538537e-10
0.3580000000000002 2.2351682519650372e-10
0.3590000000000002 2.2450458803409733e-10
0.3600000000000002 2.2516759420523602e-10
0.3610000000000002 2.255150848593368e-10
0.3620000000000002 2.2555703491804625e-10
0.3630000000000002 2.2530405745307742e-10
0.3640000000000002 2.247673118627652e-10
0.3650000000000002 2.2395841609494613e-10
0.3660000000000002 2.2288936311366792e-10
0.3670000000000002 2.2157244176030228e-10
0.3680000000000002 2.2002016211600627e-10
0.3690000000000002 2.1824518543216336e-10
0.3700000000000002 2.1626025865858478e-10
0.3710000000000002 2.1407815356568032e-10
0.3720000000000002 2.1171161042656962e-10
0.3730000000000002 2.0917328619814156e-10
0.3740000000000002 2.0647570711609594e-10
0.3750000000000002 2.0363122559817225e-10
0.3760000000000002 2.00651981331675e-10
0.3770000000000002 1.9754986640605748e-10
0.3780000000000002 1.9433649433851095e-10
0.3790000000000002 1.9102317283004966e-10
0.3800000000000002 1.8762088008135123e-10
0.3810000000000002 1.84140244491372e-10
0.38200000000000023 1.805915275574318e-10
0.38300000000000023 1.76984609792786e-10
0.38400000000000023 1.7332897947659642e-10
0.38500000000000023 1.6963372405145748e-10
0.38600000000000023 1.6590752398513574e-10
0.38700000000000023 1.621586489157253e-10
0.38800000000000023 1.583949559029672e-10
0.38900000000000023 1.5462388961278576e-10
0.39000000000000024 1.508524842671495e-10
0.39100000000000024 1.470873671969676e-10
0.39200000000000024 1.4333476384184397e-10
0.39300000000000024 1.396005040469822e-10
0.39400000000000024 1.3589002951433084e-10
0.39500000000000024 1.322084022720493e-10
0.39600000000000024 1.2856031403350338e-10
0.39700000000000024 1.249500963242638e-10
0.39800000000000024 1.213817312627589e-10
0.39900000000000024 1.1785886288750813e-10
0.40000000000000024 1.1438480893093101e-10
0.40100000000000025 1.109625729468015e-10
0.40200000000000025 1.075948567052255e-10
0.40300000000000025 1.0428407277573004e-10
0.40400000000000025 1.010323572255286e-10
0.40500000000000025 9.784158236624543e-11
0.40600000000000025 9.471336948842392e-11
0.40700000000000025 9.164910152887014e-11
0.40800000000000025 8.864993562136703e-11
0.40900000000000025 8.571681548652683e-11
0.41000000000000025 8.285048362145845e-11
0.41100000000000025 8.005149325462232e-11
0.41200000000000025 7.732022003559518e-11
0.41300000000000026 7.465687343360821e-11
0.41400000000000026 7.206150782254992e-11
0.41500000000000026 6.953403323370488e-11
0.41600000000000026 6.707422576081913e-11
0.41700000000000026 6.46817376051651e-11
0.41800000000000026 6.235610675109288e-11
0.41900000000000026 6.009676626515554e-11
0.42000000000000026 5.790305321428535e-11
0.42100000000000026 5.577421720062777e-11
0.42200000000000026 5.370942851262986e-11
0.42300000000000026 5.17077858937207e-11
0.42400000000000027 4.976832393151751e-11
0.42500000000000027 4.789002007188951e-11
0.42600000000000027 4.607180126347376e-11
0.42700000000000027 4.431255023932492e-11
0.42800000000000027 4.261111144333083e-11
0.42900000000000027 4.096629660986526e-11
0.43000000000000027 3.937689000583454e-11
0.43100000000000027 3.784165334486407e-11
0.4320000000000003 3.6359330383861906e-11
0.4330000000000003 3.4928651212570075e-11
0.4340000000000003 3.354833624701979e-11
0.4350000000000003 3.221709993801903e-11
0.4360000000000003 3.0933654205947945e-11
0.4370000000000003 2.969671161321171e-11
0.4380000000000003 2.8504988285718622e-11
0.4390000000000003 2.7357206594714525e-11
0.4400000000000003 2.6252097610221366e-11
0.4410000000000003 2.5188403337198343e-11
0.4420000000000003 2.4164878745381082e-11
0.4430000000000003 2.3180293603558404e-11
0.4440000000000003 2.2233434128818658e-11
0.4450000000000003 2.1323104461046303e-11
0.4460000000000003 2.0448127972686128e-11
0.4470000000000003 1.9607348423494526e-11
0.4480000000000003 1.8799630969705162e-11
0.4490000000000003 1.80238630367192e-11
0.4500000000000003 1.727895506410913e-11
0.4510000000000003 1.656384113140008e-11
0.4520000000000003 1.5877479472761834e-11
0.4530000000000003 1.52188528884092e-11
0.4540000000000003 1.4586969060178727e-11
0.4550000000000003 1.3980860778416513e-11
0.4560000000000003 1.3399586086983872e-11
0.4570000000000003 1.2842228352861428e-11
0.4580000000000003 1.23078962665152e-11
0.4590000000000003 1.1795723778871926e-11
0.4600000000000003 1.1304869980444978e-11
0.4610000000000003 1.0834518927854114e-11
0.4620000000000003 1.038387942268832e-11
0.4630000000000003 9.952184747381227e-12
0.4640000000000003 9.538692362491921e-12
0.4650000000000003 9.142683569520786e-12
0.4660000000000003 8.763463143134874e-12
0.4670000000000003 8.400358936430351e-12
0.4680000000000003 8.052721462624448e-12
0.4690000000000003 7.719923456342186e-12
0.4700000000000003 7.40135941744746e-12
0.4710000000000003 7.0964451401593785e-12
0.4720000000000003 6.804617229998401e-12
0.4730000000000003 6.525332610917397e-12
0.4740000000000003 6.258068024795314e-12
0.4750000000000003 6.002319525298371e-12
0.4760000000000003 5.757601967955847e-12
0.4770000000000003 5.5234484981415184e-12
0.4780000000000003 5.299410038510493e-12
0.4790000000000003 5.085054777302436e-12
0.4800000000000003 4.879967658795563e-12
0.4810000000000003 4.683749877074144e-12
0.4820000000000003 4.4960183741592205e-12
0.4830000000000003 4.316405343445211e-12
0.4840000000000003 4.144557739285751e-12
0.4850000000000003 3.98013679347862e-12
0.4860000000000003 3.822817539312614e-12
0.4870000000000003 3.67228834375787e-12
0.4880000000000003 3.5282504483056537e-12
0.4890000000000003 3.3904175188931535e-12
0.4900000000000003 3.2585152052842884e-12
0.4910000000000003 3.1322807102163483e-12
0.4920000000000003 3.0114623685675713e-12
0.4930000000000003 2.8958192367484758e-12
0.4940000000000003 2.7851206924734846e-12
0.49500000000000033 2.6791460450250063e-12
0.49600000000000033 2.5776841560833956e-12
0.49700000000000033 2.480533071159379e-12
0.49800000000000033 2.387499661632677e-12
0.49900000000000033 2.2983992773706653e-12
