0.1 1.1105817245069666e-06
0.11 1.346176870507832e-06
0.12 6.92187294656164e-07
0.13 5.01729412863936e-05
0.13999999999999999 2.672770717745728e-05
0.14999999999999997 2.503248688561516e-05
0.15999999999999998 0.0001332532221284645
0.16999999999999998 0.00010939456986859528
0.17999999999999997 9.867822001450799e-06
0.18999999999999995 1.5408161422550066e-05
0.19999999999999996 4.6692398315450846e-05
0.20999999999999996 9.623292583435635e-05
0.21999999999999995 0.0002490146849845799
0.22999999999999995 0.00047743724713916627
0.23999999999999994 0.0007020056481309251
0.24999999999999992 0.0008795844346001874
0.2599999999999999 0.0009770345428337503
0.2699999999999999 0.0009508481206821942
0.2799999999999999 0.0007832309923199043
0.2899999999999999 0.0005160374909993869
0.29999999999999993 0.00023951913706071924
0.30999999999999994 5.044665942126652e-05
0.3199999999999999 1.4955643396512622e-05
0.32999999999999985 0.00015597837311261923
0.33999999999999986 0.00046317719677735347
0.34999999999999987 0.0009124849449274582
0.3599999999999999 0.0014832305242290591
0.3699999999999999 0.002166924945872702
0.3799999999999999 0.0029675592390393927
0.3899999999999999 0.0038964145164498516
0.3999999999999998 0.004965005948003389
0.4099999999999998 0.006178922959617541
0.4199999999999998 0.007534008931374505
0.4299999999999998 0.009015175858536622
0.43999999999999984 0.010597417307863462
0.44999999999999984 0.012248262759517422
0.45999999999999985 0.013930894493885484
0.46999999999999986 0.015607292861951986
0.47999999999999976 0.017240981473703225
0.48999999999999977 0.018799143144219682
0.4999999999999998 0.0202540367167839
0.5099999999999998 0.02158375417874293
0.5199999999999998 0.02277242054450454
0.5299999999999998 0.023809965687643042
0.5399999999999998 0.024691598878672113
0.5499999999999998 0.025417103215499427
0.5599999999999997 0.02599004615629374
0.5699999999999997 0.026416979344757802
0.5799999999999997 0.02670667917694649
0.5899999999999997 0.026869460856746012
0.5999999999999998 0.02691658370052868
0.6099999999999998 0.026859754174340472
0.6199999999999998 0.026710725192983693
0.6299999999999997 0.026480985022445298
0.6399999999999997 0.02618152611105415
0.6499999999999997 0.025822682776076314
0.6599999999999997 0.025414026414402185
0.6699999999999997 0.02496430740211006
0.6799999999999997 0.024481433799700712
0.6899999999999997 0.023972478167605372
0.6999999999999996 0.02344370506519381
0.7099999999999996 0.022900613052638248
0.7199999999999996 0.022347986174602187
0.7299999999999996 0.021789950942583902
0.7399999999999997 0.02123003573382873
0.7499999999999997 0.02067123028755509
0.7599999999999997 0.020116043610885363
0.7699999999999997 0.019566559119291997
0.7799999999999997 0.019024486243861223
0.7899999999999996 0.018491208055161478
0.7999999999999996 0.017967824695422987
0.8099999999999996 0.017455192590408692
0.8199999999999996 0.01695395954165249
0.8299999999999996 0.01646459588894573
0.8399999999999996 0.015987421990805523
0.8499999999999996 0.015522632304433792
0.8599999999999995 0.015070316362342347
0.8699999999999996 0.014630476945190339
0.8799999999999996 0.014203045743287759
0.8899999999999996 0.013787896785668692
0.8999999999999996 0.013384857897943069
0.9099999999999996 0.01299372043005855
0.9199999999999996 0.012614247473951734
0.9299999999999996 0.012246180769789356
0.9399999999999996 0.011889246478764303
0.9499999999999995 0.011543159980672586
0.9599999999999995 0.011207629836034898
0.9699999999999995 0.010882361035508376
0.9799999999999995 0.01056705764382065
0.9899999999999995 0.010261424931460001
0.9999999999999996 0.0099651710748215
1.0099999999999996 0.009678008494370506
1.0199999999999996 0.009399654890546314
1.0299999999999996 0.00912983402848581
1.0399999999999996 0.008868276315094665
1.0499999999999996 0.008614719205421579
1.0599999999999996 0.00836890746959807
1.0699999999999996 0.008130593346693868
1.0799999999999996 0.00789953660761241
1.0899999999999996 0.0076755045455333725
1.0999999999999996 0.007458271909317497
1.1099999999999997 0.0072476207926594404
1.1199999999999997 0.007043340489543748
1.1299999999999997 0.0068452273246718464
1.1399999999999997 0.006653084465939056
1.1499999999999995 0.0064667217247048004
1.1599999999999995 0.006285955348481982
1.1699999999999995 0.006110607809739408
1.1799999999999995 0.005940507593736733
1.1899999999999995 0.0057754889876712205
1.1999999999999995 0.005615391872887506
1.2099999999999995 0.0054600615214700195
1.2199999999999995 0.005309348398184542
1.2299999999999995 0.005163107968450614
1.2399999999999995 0.005021200512796688
1.2499999999999996 0.0048834909480670536
1.2599999999999996 0.004749848655505007
1.2699999999999996 0.004620147315724026
1.2799999999999996 0.004494264750492242
1.2899999999999996 0.0043720827711899194
1.2999999999999994 0.004253487033752222
1.3099999999999994 0.0041383668998750504
1.3199999999999994 0.004026615304239822
1.3299999999999994 0.003918128627498575
1.3399999999999994 0.003812806574754637
1.3499999999999994 0.0037105520592728416
1.3599999999999994 0.003611271091155891
1.3699999999999994 0.0035148726707299716
1.3799999999999994 0.0034212686863909865
1.3899999999999995 0.0033303738166726173
1.3999999999999995 0.003242105436308732
1.4099999999999995 0.0031563835260741617
1.4199999999999995 0.0030731305861998455
1.4299999999999995 0.002992271553170383
1.4399999999999995 0.0029137337197237432
1.4499999999999995 0.002837446657884434
1.4599999999999995 0.0027633421448723067
1.4699999999999993 0.0026913540917399403
1.4799999999999993 0.0026214184746011604
1.4899999999999993 0.002553473268322982
1.4999999999999993 0.002487458382561772
1.5099999999999993 0.0024233156000326734
1.5199999999999994 0.0023609885169090694
1.5299999999999994 0.002300422485255681
1.5399999999999994 0.0022415645574056413
1.5499999999999994 0.0021843634321975685
1.5599999999999994 0.002128769402994583
1.5699999999999994 0.002074734307411818
1.5799999999999994 0.002022211478684044
1.5899999999999994 0.001971155698608895
1.5999999999999994 0.0019215231520054205
1.6099999999999994 0.0018732713826309928
1.6199999999999992 0.0018263592505030062
1.6299999999999992 0.0017807468905747263
1.6399999999999992 0.0017363956727174245
1.6499999999999992 0.0016932681629634142
1.6599999999999993 0.0016513280859668466
1.6699999999999993 0.0016105402886413625
1.6799999999999993 0.0015708707049355084
1.6899999999999993 0.0015322863217086704
1.6999999999999993 0.0014947551456718962
1.7099999999999993 0.0014582461713594991
1.7199999999999993 0.001422729350098788
1.7299999999999993 0.001388175559946458
1.7399999999999993 0.001354556576561533
1.7499999999999993 0.0013218450449857637
1.7599999999999993 0.0012900144523034858
1.7699999999999994 0.0012590391011539726
1.7799999999999994 0.0012288940840701305
1.7899999999999991 0.0011995552586184415
1.7999999999999992 0.0011709992233156646
1.8099999999999992 0.0011432032942988175
1.8199999999999992 0.0011161454827255009
1.8299999999999992 0.0010898044728825094
1.8399999999999992 0.00106415960098121
1.8499999999999992 0.0010391908346189332
1.8599999999999992 0.0010148787528861374
1.8699999999999992 0.000991204527099795
1.8799999999999992 0.0009681499021439553
1.8899999999999992 0.000945697178399026
1.8999999999999992 0.0009238291942418513
1.9099999999999993 0.000902529309099153
1.9199999999999993 0.0008817813870374357
1.9299999999999993 0.0008615697808729005
1.939999999999999 0.0008418793167854503
1.949999999999999 0.0008226952794212173
1.959999999999999 0.0008040033974686159
1.969999999999999 0.0007857898296932435
1.979999999999999 0.0007680411514174355
1.989999999999999 0.00075074434143067
1.9999999999999991 0.0007338867693174214
2.009999999999999 0.000717456183189426
2.019999999999999 0.0007014406978097389
2.029999999999999 0.0006858287830962984
2.039999999999999 0.0006706092529930696
2.049999999999999 0.0006557712546972254
2.059999999999999 0.0006413042582311154
2.069999999999999 0.0006271980463481379
2.079999999999999 0.0006134427047619275
2.089999999999999 0.0006000286126886325
2.099999999999999 0.0005869464336922819
2.109999999999999 0.0005741871068236314
2.119999999999999 0.0005617418380430989
2.129999999999999 0.0005496020919187275
2.1399999999999992 0.0005377595835903547
2.149999999999999 0.0005262062709914693
2.1599999999999993 0.0005149343473204682
2.169999999999999 0.0005039362337533112
2.1799999999999993 0.0004932045723897713
2.189999999999999 0.00048273221942578216
2.199999999999999 0.0004725122385445689
2.209999999999999 0.000462537894519485
2.219999999999999 0.0004528026470217216
2.229999999999999 0.00044330014462624754
2.239999999999999 0.000434024219009552
2.249999999999999 0.00042496887933297364
2.259999999999999 0.00041612830680559166
2.269999999999999 0.00040749684942083296
2.279999999999999 0.00039906901686116535
2.289999999999999 0.0003908394755653941
2.299999999999999 0.00038280304395328294
2.309999999999999 0.00037495468780235656
2.319999999999999 0.00036728951577195545
2.329999999999999 0.0003598027750697144
2.339999999999999 0.0003524898472558458
2.3499999999999988 0.00034534624418072193
2.359999999999999 0.00033836760405141165
2.3699999999999988 0.00033154968762297017
2.379999999999999 0.0003248883745104082
2.389999999999999 0.00031837965961740327
2.399999999999999 0.00031201964967795116
2.409999999999999 0.0003058045599072703
2.419999999999999 0.00029973071075839713
2.429999999999999 0.0002937945247810257
2.439999999999999 0.0002879925235792632
2.449999999999999 0.0002823213248650706
2.459999999999999 0.0002767776396042799
2.469999999999999 0.00027135826925216627
2.479999999999999 0.00026606010307566404
2.489999999999999 0.00026088011555941
