0.1 -8.888177097837867e-08
0.11 3.197309327830022e-08
0.12 -1.6161845793585442e-09
0.13 1.1645308646358983e-06
0.13999999999999999 5.15297664928255e-07
0.14999999999999997 4.827952315445612e-07
0.15999999999999998 2.6366504929918862e-06
0.16999999999999998 2.0682471519257016e-06
0.17999999999999997 1.4289892837361595e-07
0.18999999999999995 2.449437847395081e-07
0.19999999999999996 6.416574194821177e-07
0.20999999999999996 1.3983124150173083e-06
0.21999999999999995 3.3157827250837165e-06
0.22999999999999995 5.6369298741657406e-06
0.23999999999999994 8.137621251680435e-06
0.24999999999999992 1.1061689948117664e-05
0.2599999999999999 1.3526136361011359e-05
0.2699999999999999 1.3906075982296757e-05
0.2799999999999999 1.1521095076114962e-05
0.2899999999999999 7.342895106676032e-06
0.29999999999999993 3.218061265879181e-06
0.30999999999999994 6.428595197728191e-07
0.3199999999999999 9.83091509897401e-08
0.32999999999999985 1.1774570972848968e-06
0.33999999999999986 3.1603009585374987e-06
0.34999999999999987 5.5844364311982734e-06
0.3599999999999999 8.541970463989322e-06
0.3699999999999999 1.2661859130228811e-05
0.3799999999999999 1.887995181019669e-05
0.3899999999999999 2.813797172432411e-05
0.3999999999999998 4.112382214017257e-05
0.4099999999999998 5.8112517545391236e-05
0.4199999999999998 7.891887782098531e-05
0.4299999999999998 0.00010294210609172699
0.43999999999999984 0.00012926909144382286
0.44999999999999984 0.00015680295070222096
0.45999999999999985 0.0001843901313224187
0.46999999999999986 0.000210928645515125
0.47999999999999976 0.00023544873228728623
0.48999999999999977 0.00025716402573559155
0.4999999999999998 0.0002754957869256525
0.5099999999999998 0.0002900751748472784
0.5199999999999998 0.0003007293820538139
0.5299999999999998 0.000307457270190491
0.5399999999999998 0.00031039936193414156
0.5499999999999998 0.0003098060167213262
0.5599999999999997 0.0003060065624961307
0.5699999999999997 0.0002993812052592844
0.5799999999999997 0.0002903367542278362
0.5899999999999997 0.00027928659893688447
0.5999999999999998 0.0002666349444687266
0.6099999999999998 0.0002527650273012871
0.6199999999999998 0.0002380308673583425
0.6299999999999997 0.00022275203263650613
0.6399999999999997 0.00020721087561821706
0.6499999999999997 0.00019165172447298154
0.6599999999999997 0.00017628156042815397
0.6699999999999997 0.00016127177356948136
0.6799999999999997 0.00014676065423776283
0.6899999999999997 0.0001328563405285344
0.6999999999999996 0.00011964000077364677
0.7099999999999996 0.00010716908147842002
0.7199999999999996 9.548049530629588e-05
0.7299999999999996 8.459366037712555e-05
0.7399999999999997 7.451333185760682e-05
0.7499999999999997 6.52321903016139e-05
0.7599999999999997 5.6733169278966326e-05
0.7699999999999997 4.899151836176661e-05
0.7799999999999997 4.197660732195123e-05
0.7899999999999996 3.5653484160366325e-05
0.7999999999999996 2.998420397364398e-05
0.8099999999999996 2.49289482133254e-05
0.8199999999999996 2.0446955054211745e-05
0.8299999999999996 1.649728173507325e-05
0.8399999999999996 1.3039419160649e-05
0.8499999999999996 1.0033777992391767e-05
0.8599999999999995 7.442064086872762e-06
0.8699999999999996 5.227559601704395e-06
0.8799999999999996 3.3553244804499775e-06
0.8899999999999996 1.7923314231762957e-06
0.8999999999999996 5.075458987889235e-07
0.9099999999999996 -5.280387074113096e-07
0.9199999999999996 -1.3414020719304877e-06
0.9299999999999996 -1.9575265334684735e-06
0.9399999999999996 -2.399448924792597e-06
0.9499999999999995 -2.6883292371786382e-06
0.9599999999999995 -2.8435315940766552e-06
0.9699999999999995 -2.882713777164056e-06
0.9799999999999995 -2.8219222138108566e-06
0.9899999999999995 -2.6756899092486827e-06
0.9999999999999996 -2.457135298620519e-06
1.0099999999999996 -2.178060412567809e-06
1.0199999999999996 -1.8490471036836565e-06
1.0299999999999996 -1.4795503780162209e-06
1.0399999999999996 -1.0779881232111527e-06
1.0499999999999996 -6.518267295266182e-07
1.0599999999999996 -2.0766226782481777e-07
1.0699999999999996 2.4870297491172936e-07
1.0799999999999996 7.12188692251197e-07
1.0899999999999996 1.1783694897301267e-06
1.0999999999999996 1.6434124853896314e-06
1.1099999999999997 2.104019461471609e-06
1.1199999999999997 2.557373410147256e-06
1.1299999999999997 3.0010892878342154e-06
1.1399999999999997 3.4331687732328364e-06
1.1499999999999995 3.851958812000157e-06
1.1599999999999995 4.256113724570239e-06
1.1699999999999995 4.644560651836897e-06
1.1799999999999995 5.0164681152365465e-06
1.1899999999999995 5.371217472388297e-06
1.1999999999999995 5.708377056167496e-06
1.2099999999999995 6.027678793352501e-06
1.2199999999999995 6.328997108324082e-06
1.2299999999999995 6.612329927346742e-06
1.2399999999999995 6.8777816094055985e-06
1.2499999999999996 7.125547640190425e-06
1.2599999999999996 7.355900936403788e-06
1.2699999999999996 7.5691796179883066e-06
1.2799999999999996 7.765776116003978e-06
1.2899999999999996 7.946127493655942e-06
1.2999999999999994 8.11070686732566e-06
1.3099999999999994 8.260015823343333e-06
1.3199999999999994 8.39457773464628e-06
1.3299999999999994 8.514931889371008e-06
1.3399999999999994 8.621628350840368e-06
1.3499999999999994 8.715223475320311e-06
1.3599999999999994 8.79627602035872e-06
1.3699999999999994 8.865343782490393e-06
1.3799999999999994 8.922980708617312e-06
1.3899999999999995 8.969734430473858e-06
1.3999999999999995 9.006144176285758e-06
1.4099999999999995 9.03273901804979e-06
1.4199999999999995 9.050036416823573e-06
1.4299999999999995 9.058541032046028e-06
1.4399999999999995 9.058743764227036e-06
1.4499999999999995 9.051121003376458e-06
1.4599999999999995 9.036134058307144e-06
1.4699999999999993 9.014228744463032e-06
1.4799999999999993 8.98583511021192e-06
1.4899999999999993 8.951367283623663e-06
1.4999999999999993 8.91122342363906e-06
1.5099999999999993 8.865785761246067e-06
1.5199999999999994 8.81542071782714e-06
1.5299999999999994 8.760479089241492e-06
1.5399999999999994 8.701296285470307e-06
1.5499999999999994 8.63819261679428e-06
1.5599999999999994 8.571473618501297e-06
1.5699999999999994 8.501430407048139e-06
1.5799999999999994 8.428340061433582e-06
1.5899999999999994 8.3524660242887e-06
1.5999999999999994 8.274058517862255e-06
1.6099999999999994 8.193354970681381e-06
1.6199999999999992 8.110580451207556e-06
1.6299999999999992 8.025948105289973e-06
1.6399999999999992 7.939659594649973e-06
1.6499999999999992 7.851905534014099e-06
1.6599999999999993 7.762865924856538e-06
1.6699999999999993 7.672710584015745e-06
1.6799999999999993 7.581599565721088e-06
1.6899999999999993 7.489683575805083e-06
1.6999999999999993 7.397104377088825e-06
1.7099999999999993 7.3039951851159475e-06
1.7199999999999993 7.210481053575551e-06
1.7299999999999993 7.116679248899464e-06
1.7399999999999993 7.022699613647019e-06
1.7499999999999993 6.928644918401153e-06
1.7599999999999993 6.834611201997043e-06
1.7699999999999994 6.740688099988624e-06
1.7799999999999994 6.646959161330551e-06
1.7899999999999991 6.5535021533165156e-06
1.7999999999999992 6.46038935486772e-06
1.8099999999999992 6.367687838310956e-06
1.8199999999999992 6.275459739824162e-06
1.8299999999999992 6.183762518759426e-06
1.8399999999999992 6.092649206079397e-06
1.8499999999999992 6.002168642165275e-06
1.8599999999999992 5.91236570427101e-06
1.8699999999999992 5.8232815239122865e-06
1.8799999999999992 5.734953694488429e-06
1.8899999999999992 5.647416469442874e-06
1.8999999999999992 5.560700951272062e-06
1.9099999999999993 5.474835271695333e-06
1.9199999999999993 5.389844763298529e-06
1.9299999999999993 5.305752122963001e-06
1.939999999999999 5.222577567389396e-06
1.949999999999999 5.140338981021214e-06
1.959999999999999 5.059052056669166e-06
1.969999999999999 4.978730429131102e-06
1.979999999999999 4.899385802096403e-06
1.989999999999999 4.821028068616824e-06
1.9999999999999991 4.743665425418369e-06
2.009999999999999 4.667304481321345e-06
2.019999999999999 4.591950360027743e-06
2.029999999999999 4.517606797527009e-06
2.039999999999999 4.444276234363197e-06
2.049999999999999 4.3719599029982294e-06
2.059999999999999 4.300657910497644e-06
2.069999999999999 4.230369316757103e-06
2.079999999999999 4.161092208479694e-06
2.089999999999999 4.092823769106288e-06
2.099999999999999 4.025560344892704e-06
2.109999999999999 3.959297507320402e-06
2.119999999999999 3.894030112019244e-06
2.129999999999999 3.829752354373713e-06
2.1399999999999992 3.766457821976705e-06
2.149999999999999 3.704139544087854e-06
2.1599999999999993 3.64279003824675e-06
2.169999999999999 3.5824013541846695e-06
2.1799999999999993 3.5229651151717844e-06
2.189999999999999 3.4644725569312717e-06
2.199999999999999 3.4069145642451367e-06
2.209999999999999 3.3502817053710952e-06
2.219999999999999 3.294564264384364e-06
2.229999999999999 3.239752271552813e-06
2.239999999999999 3.1858355318487608e-06
2.249999999999999 3.1328036516958406e-06
2.259999999999999 3.0806460640447377e-06
2.269999999999999 3.0293520518668548e-06
2.279999999999999 2.978910770150871e-06
2.289999999999999 2.92931126648282e-06
2.299999999999999 2.880542500286547e-06
2.309999999999999 2.832593360797318e-06
2.319999999999999 2.785452683838092e-06
2.329999999999999 2.739109267464205e-06
2.339999999999999 2.693551886539037e-06
2.3499999999999988 2.6487693063000976e-06
2.359999999999999 2.6047502949718377e-06
2.3699999999999988 2.561483635478809e-06
2.379999999999999 2.518958136309864e-06
2.389999999999999 2.4771626415815674e-06
2.399999999999999 2.4360860403465403e-06
2.409999999999999 2.3957172751900563e-06
2.419999999999999 2.3560453501559e-06
2.429999999999999 2.317059338040471e-06
2.439999999999999 2.278748387091955e-06
2.449999999999999 2.241101727149563e-06
2.459999999999999 2.2041086752558836e-06
2.469999999999999 2.167758640773719e-06
2.479999999999999 2.132041130037081e-06
2.489999999999999 2.096945750564422e-06
