0.1 3.069188546609844e-06
0.11 3.6129177472101944e-07
0.12 1.5913446294390033e-06
0.13 1.2366711214493792e-05
0.13999999999999999 2.373416918774771e-06
0.14999999999999997 1.0858517357971383e-05
0.15999999999999998 2.858202317185915e-05
0.16999999999999998 1.6730892620089047e-05
0.17999999999999997 2.90831934082028e-06
0.18999999999999995 8.085333129345822e-07
0.19999999999999996 3.395545341282897e-06
0.20999999999999996 6.764451617941362e-06
0.21999999999999995 1.1136377088436204e-05
0.22999999999999995 2.6134179351768518e-05
0.23999999999999994 5.413363503778943e-05
0.24999999999999992 8.006204528432812e-05
0.2599999999999999 8.72214534188262e-05
0.2699999999999999 7.355981855527442e-05
0.2799999999999999 4.9704544037221005e-05
0.2899999999999999 2.7178906529404792e-05
0.29999999999999993 1.1227607062060728e-05
0.30999999999999994 2.2706551675258146e-06
0.3199999999999999 1.2161302803849685e-06
0.32999999999999985 1.2978424362035878e-05
0.33999999999999986 4.6055342423009766e-05
0.34999999999999987 0.00010929627162145714
0.3599999999999999 0.00020817994628267176
0.3699999999999999 0.0003424090620099666
0.3799999999999999 0.0005055000949230719
0.3899999999999999 0.000686097307179431
0.3999999999999998 0.0008702668050284601
0.4099999999999998 0.0010439814120566506
0.4199999999999998 0.0011952100686856665
0.4299999999999998 0.0013153043233096633
0.43999999999999984 0.001399619399460415
0.44999999999999984 0.0014474719280085908
0.45999999999999985 0.001461617735154991
0.46999999999999986 0.0014474496238121863
0.47999999999999976 0.0014120911863261649
0.48999999999999977 0.0013635197588049508
0.4999999999999998 0.0013098049348892657
0.5099999999999998 0.001258507605892602
0.5199999999999998 0.0012162523464910222
0.5299999999999998 0.0011884638821072404
0.5399999999999998 0.0011792452579809725
0.5499999999999998 0.0011913692760419639
0.5599999999999997 0.0012263537299788746
0.5699999999999997 0.0012845931293123446
0.5799999999999997 0.001365523511166121
0.5899999999999997 0.0014678015417881668
0.5999999999999998 0.0015894837096700322
0.6099999999999998 0.0017281955915511864
0.6199999999999998 0.0018812847228424944
0.6299999999999997 0.00204595345831752
0.6399999999999997 0.002219370389815467
0.6499999999999997 0.0023987604676176198
0.6599999999999997 0.002581475046085358
0.6699999999999997 0.0027650437418007285
0.6799999999999997 0.0029472103476602973
0.6899999999999997 0.003125955171528282
0.6999999999999996 0.0032995061319286006
0.7099999999999996 0.0034663408009313647
0.7199999999999996 0.0036251813783798113
0.7299999999999996 0.003774984343541453
0.7399999999999997 0.0039149262827785705
0.7499999999999997 0.004044387150349225
0.7599999999999997 0.004162931993842977
0.7699999999999997 0.004270291971728829
0.7799999999999997 0.004366345310730312
0.7899999999999996 0.0044510986958156175
0.7999999999999996 0.004524669454669698
0.8099999999999996 0.0045872687898939266
0.8199999999999996 0.004639186223669408
0.8299999999999996 0.004680775348823904
0.8399999999999996 0.004712440924742376
0.8499999999999996 0.004734627314042698
0.8599999999999995 0.004747808224263759
0.8699999999999996 0.004752477696061773
0.8799999999999996 0.00474914226389141
0.8899999999999996 0.004738314205402905
0.8999999999999996 0.004720505790569695
0.9099999999999996 0.004696224439833811
0.9199999999999996 0.004665968701453404
0.9299999999999996 0.004630224961053363
0.9399999999999996 0.004589464800546248
0.9499999999999995 0.004544142928653078
0.9599999999999995 0.004494695610853676
0.9699999999999995 0.004441539532461278
0.9799999999999995 0.004385071034433935
0.9899999999999995 0.0043256656673537446
0.9999999999999996 0.004263678014610685
1.0099999999999996 0.004199441741145947
1.0199999999999996 0.0041332698290902775
1.0299999999999996 0.004065454966247822
1.0399999999999996 0.00399627005761399
1.0499999999999996 0.00392596883397682
1.0599999999999996 0.0038547865351440725
1.0699999999999996 0.003782940648479177
1.0799999999999996 0.0037106316862355487
1.0899999999999996 0.003638043987675515
1.0999999999999996 0.003565346534167728
1.1099999999999997 0.003492693767401199
1.1199999999999997 0.003420226402558152
1.1299999999999997 0.0033480722297736603
1.1399999999999997 0.0032763468985008383
1.1499999999999995 0.0032051546805153775
1.1599999999999995 0.0031345892082522897
1.1699999999999995 0.003064734185988282
1.1799999999999995 0.002995664072081214
1.1899999999999995 0.002927444731068565
1.1999999999999995 0.0028601340549226596
1.2099999999999995 0.0027937825531741895
1.2199999999999995 0.0027284339119569615
1.2299999999999995 0.002664125522306659
1.2399999999999995 0.0026008889782720658
1.2499999999999996 0.0025387505455769645
1.2599999999999996 0.002477731601710966
1.2699999999999996 0.0024178490484339592
1.2799999999999996 0.0023591156977567154
1.2899999999999996 0.002301540632513728
1.2999999999999994 0.0022451295426779688
1.3099999999999994 0.002189885038583657
1.3199999999999994 0.002135806942226062
1.3299999999999994 0.0020828925577983308
1.3399999999999994 0.0020311369226076537
1.3499999999999994 0.001980533039487779
1.3599999999999994 0.0019310720917936593
1.3699999999999994 0.001882743642028811
1.3799999999999994 0.0018355358151171542
1.3899999999999995 0.001789435467290064
1.3999999999999995 0.0017444283415170131
1.4099999999999995 0.0017004992103647962
1.4199999999999995 0.0016576320071267799
1.4299999999999995 0.0016158099460203605
1.4399999999999995 0.0015750156322079088
1.4499999999999995 0.001535231162354679
1.4599999999999995 0.001496438216396179
1.4699999999999993 0.0014586181411481533
1.4799999999999993 0.0014217520263539007
1.4899999999999993 0.0013858207737272655
1.4999999999999993 0.0013508051595143553
1.5099999999999993 0.001316685891063591
1.5199999999999994 0.00128344365786187
1.5299999999999994 0.0012510591774642593
1.5399999999999994 0.0012195132367160437
1.5499999999999994 0.001188786728638715
1.5599999999999994 0.0011588606853260705
1.5699999999999994 0.0011297163071722735
1.5799999999999994 0.0011013349887312506
1.5899999999999994 0.001073698341485271
1.5999999999999994 0.001046788213780793
1.6099999999999994 0.0010205867081707206
1.6199999999999992 0.0009950761963848198
1.6299999999999992 0.0009702393321335574
1.6399999999999992 0.0009460590619353748
1.6499999999999992 0.0009225186341430655
1.6599999999999993 0.0008996016063315949
1.6699999999999993 0.0008772918511973165
1.6799999999999993 0.0008555735611069452
1.6899999999999993 0.0008344312514238912
1.6999999999999993 0.0008138497627295532
1.7099999999999993 0.0007938142620478853
1.7199999999999993 0.0007743102431729285
1.7299999999999993 0.0007553235261909483
1.7399999999999993 0.0007368402562814558
1.7499999999999993 0.0007188469018744517
1.7599999999999993 0.0007013302522348729
1.7699999999999994 0.0006842774145393466
1.7799999999999994 0.0006676758105048198
1.7899999999999991 0.0006515131726236826
1.7999999999999992 0.0006357775400552142
1.8099999999999992 0.0006204572542189763
1.8199999999999992 0.000605540954131693
1.8299999999999992 0.0005910175715255633
1.8399999999999992 0.0005768763257824821
1.8499999999999992 0.0005631067187155814
1.8599999999999992 0.0005496985292265632
1.8699999999999992 0.0005366418078646775
1.8799999999999992 0.0005239268713107336
1.8899999999999992 0.0005115442968072863
1.8999999999999992 0.0004994849165540705
1.9099999999999993 0.0004877398120858537
1.9199999999999993 0.000476300308648128
1.9299999999999993 0.0004651579695844561
1.939999999999999 0.0004543045907478387
1.949999999999999 0.00044373219494706843
1.959999999999999 0.0004334330264378697
1.969999999999999 0.0004233995454674322
1.979999999999999 0.000413624422879951
1.989999999999999 0.00040410053478981845
1.9999999999999991 0.0003948209573282696
2.009999999999999 0.0003857789614684719
2.019999999999999 0.0003769680079333599
2.029999999999999 0.0003683817421898422
2.039999999999999 0.00036001398953241793
2.049999999999999 0.0003518587502587183
2.059999999999999 0.0003439101949389734
2.069999999999999 0.0003361626597809856
2.079999999999999 0.0003286106420917717
2.089999999999999 0.0003212487958367012
2.099999999999999 0.0003140719272965941
2.109999999999999 0.00030707499082299327
2.119999999999999 0.00030025308469153075
2.129999999999999 0.0002936014470530922
2.1399999999999992 0.00028711545198226694
2.149999999999999 0.0002807906056223841
2.1599999999999993 0.0002746225424262828
2.169999999999999 0.00026860702149180315
2.1799999999999993 0.00026273992299086587
2.189999999999999 0.0002570172446909017
2.199999999999999 0.00025143509856729077
2.209999999999999 0.0002459897075053812
2.219999999999999 0.00024067740209060578
2.229999999999999 0.00023549461748513593
2.239999999999999 0.00023043789038947643
2.249999999999999 0.00022550385608735595
2.259999999999999 0.0002206892455722466
2.269999999999999 0.00021599088275380492
2.279999999999999 0.00021140568174253158
2.289999999999999 0.0002069306442109143
2.299999999999999 0.00020256285682933092
2.309999999999999 0.00019829948877496848
2.319999999999999 0.000194137789312044
2.329999999999999 0.00019007508544159114
2.339999999999999 0.00018610877961911255
2.3499999999999988 0.00018223634753839583
2.359999999999999 0.00017845533597981526
2.3699999999999988 0.0001747633607214595
2.379999999999999 0.00017115810451144543
2.389999999999999 0.00016763731509980022
2.399999999999999 0.0001641988033283247
2.409999999999999 0.00016084044127687044
2.419999999999999 0.00015756016046449114
2.429999999999999 0.00015435595010396304
2.439999999999999 0.0001512258554081903
2.449999999999999 0.00014816797594704412
2.459999999999999 0.00014518046405321842
2.469999999999999 0.00014226152327570567
2.479999999999999 0.00013940940687953932
2.489999999999999 0.00013662241639047094
