0.1 -4.803053575755713e-08
0.11 -2.780882789670934e-09
0.12 -3.527171281987462e-08
0.13 -6.632324263689884e-08
0.13999999999999999 1.0807623781848886e-07
0.14999999999999997 -1.3596738180865888e-07
0.15999999999999998 6.10739849632649e-08
0.16999999999999998 2.604199646188653e-07
0.17999999999999997 -3.4281709873492805e-09
0.18999999999999995 9.140326624135284e-08
0.19999999999999996 2.775270840564166e-07
0.20999999999999996 5.584198241643426e-07
0.21999999999999995 1.6995263279903775e-06
0.22999999999999995 3.316958528380622e-06
0.23999999999999994 4.485504215195629e-06
0.24999999999999992 5.056169500006083e-06
0.2599999999999999 5.336979817717201e-06
0.2699999999999999 5.309325954511415e-06
0.2799999999999999 4.65489022708265e-06
0.2899999999999999 3.2851365143582816e-06
0.29999999999999993 1.6129878754990195e-06
0.30999999999999994 3.5150238570791706e-07
0.3199999999999999 1.1360462644612346e-07
0.32999999999999985 1.1366503903011675e-06
0.33999999999999986 3.2574327014192575e-06
0.34999999999999987 6.07651303229173e-06
0.3599999999999999 9.180208080803534e-06
0.3699999999999999 1.231286794996716e-05
0.3799999999999999 1.5452157775547713e-05
0.3899999999999999 1.879226811363082e-05
0.3999999999999998 2.2667753363004814e-05
0.4099999999999998 2.7455985108059e-05
0.4199999999999998 3.348807155911773e-05
0.4299999999999998 4.0985337726180885e-05
0.43999999999999984 5.002676941311984e-05
0.44999999999999984 6.054468788630408e-05
0.45999999999999985 7.234164263798008e-05
0.46999999999999986 8.512029178503763e-05
0.47999999999999976 9.85187752156283e-05
0.48999999999999977 0.0001121457821303171
0.4999999999999998 0.00012561145837454042
0.5099999999999998 0.00013855206379024507
0.5199999999999998 0.0001506476776805421
0.5299999999999998 0.00016163321580982287
0.5399999999999998 0.0001713036058608692
0.5499999999999998 0.0001795142487339539
0.5599999999999997 0.0001861779569448562
0.5699999999999997 0.00019125948629166887
0.5799999999999997 0.00019476862481856177
0.5899999999999997 0.00019675261892374493
0.5999999999999998 0.0001972885301971761
0.6099999999999998 0.00019647594616092683
0.6199999999999998 0.00019443032260578247
0.6299999999999997 0.00019127711772487572
0.6399999999999997 0.00018714678801017798
0.6499999999999997 0.00018217065005492062
0.6599999999999997 0.00017647756718717296
0.6699999999999997 0.00017019139122470992
0.6799999999999997 0.0001634290737956011
0.6899999999999997 0.00015629935527906443
0.6999999999999996 0.0001489019397032601
0.7099999999999996 0.0001413270686602367
0.7199999999999996 0.0001336554147399009
0.7299999999999996 0.00012595822386004472
0.7399999999999997 0.00011829764525612781
0.7499999999999997 0.00011072719715988182
0.7599999999999997 0.0001032923249306169
0.7699999999999997 9.603101636558348e-05
0.7799999999999997 8.897444598564214e-05
0.7899999999999996 8.214762623478308e-05
0.7999999999999996 7.557004876865533e-05
0.8099999999999996 6.925630339599423e-05
0.8199999999999996 6.321666585589494e-05
0.8299999999999996 5.745764855075749e-05
0.8399999999999996 5.198251069887006e-05
0.8499999999999996 4.6791726208256534e-05
0.8599999999999995 4.188340898482185e-05
0.8699999999999996 3.725369644542374e-05
0.8799999999999996 3.2897092774341724e-05
0.8899999999999996 2.88067739953202e-05
0.8999999999999996 2.4974857278475535e-05
0.9099999999999996 2.1392637101986172e-05
0.9199999999999996 1.8050790976083885e-05
0.9299999999999996 1.493955743896081e-05
0.9399999999999996 1.2048888973227015e-05
0.9499999999999995 9.368582385594881e-06
0.9599999999999995 6.888389055884415e-06
0.9699999999999995 4.598107305552854e-06
0.9799999999999995 2.487658969499086e-06
0.9899999999999995 5.471520845525853e-07
0.9999999999999996 -1.2330685612134314e-06
1.0099999999999996 -2.8623814387746977e-06
1.0199999999999996 -4.349857425840093e-06
1.0299999999999996 -5.704236818158693e-06
1.0399999999999996 -6.933913069206877e-06
1.0499999999999996 -8.04692225110189e-06
1.0599999999999996 -9.050937347102368e-06
1.0699999999999996 -9.953266593153268e-06
1.0799999999999996 -1.0760855182943601e-05
1.0899999999999996 -1.1480289738371452e-05
1.0999999999999996 -1.2117805025711648e-05
1.1099999999999997 -1.2679292467791186e-05
1.1199999999999997 -1.3170310064737414e-05
1.1299999999999997 -1.3596093391026027e-05
1.1399999999999997 -1.396156738525341e-05
1.1499999999999995 -1.4271358691900964e-05
1.1599999999999995 -1.4529808351926934e-05
1.1699999999999995 -1.474098467185465e-05
1.1799999999999995 -1.4908696129628348e-05
1.1899999999999995 -1.5036504200340633e-05
1.1999999999999995 -1.5127736006425152e-05
1.2099999999999995 -1.5185496715437488e-05
1.2199999999999995 -1.5212681624466284e-05
1.2299999999999995 -1.5211987883837796e-05
1.2399999999999995 -1.5185925824386254e-05
1.2499999999999996 -1.5136829862406041e-05
1.2599999999999996 -1.5066868964709306e-05
1.2699999999999996 -1.497805666318183e-05
1.2799999999999996 -1.4872260614037067e-05
1.2899999999999996 -1.4751211701770151e-05
1.2999999999999994 -1.4616512691749605e-05
1.3099999999999994 -1.4469646438572242e-05
1.3199999999999994 -1.4311983659856878e-05
1.3299999999999994 -1.4144790287152981e-05
1.3399999999999994 -1.3969234407178309e-05
1.3499999999999994 -1.3786392807741203e-05
1.3599999999999994 -1.359725714351108e-05
1.3699999999999994 -1.3402739737331033e-05
1.3799999999999994 -1.3203679033061527e-05
1.3899999999999995 -1.3000844716046449e-05
1.3999999999999995 -1.2794942517236697e-05
1.4099999999999995 -1.258661871681994e-05
1.4199999999999995 -1.2376464362914823e-05
1.4299999999999995 -1.216501922051591e-05
1.4399999999999995 -1.1952775465438006e-05
1.4499999999999995 -1.1740181137523864e-05
1.4599999999999995 -1.1527643366858093e-05
1.4699999999999993 -1.1315531386185877e-05
1.4799999999999993 -1.1104179342174208e-05
1.4899999999999993 -1.0893888917587437e-05
1.4999999999999993 -1.068493177587946e-05
1.5099999999999993 -1.04775518391413e-05
1.5199999999999994 -1.0271967409787566e-05
1.5299999999999994 -1.0068373145820392e-05
1.5399999999999994 -9.86694189898062e-06
1.5499999999999994 -9.667826424581669e-06
1.5599999999999994 -9.471160971327322e-06
1.5699999999999994 -9.27706275893615e-06
1.5799999999999994 -9.085633350940334e-06
1.5899999999999994 -8.896959929587215e-06
1.5999999999999994 -8.711116479356913e-06
1.6099999999999994 -8.528164885210942e-06
1.6199999999999992 -8.34815595131023e-06
1.6299999999999992 -8.171130345583058e-06
1.6399999999999992 -7.997119475184825e-06
1.6499999999999992 -7.826146297571316e-06
1.6599999999999993 -7.658226071604367e-06
1.6699999999999993 -7.493367052824293e-06
1.6799999999999993 -7.3315711367541614e-06
1.6899999999999993 -7.17283445384844e-06
1.6999999999999993 -7.017147919460562e-06
1.7099999999999993 -6.864497741980627e-06
1.7199999999999993 -6.714865892084966e-06
1.7299999999999993 -6.568230535842021e-06
1.7399999999999993 -6.424566434235154e-06
1.7499999999999993 -6.283845311489882e-06
1.7599999999999993 -6.146036194431083e-06
1.7699999999999994 -6.011105724944919e-06
1.7799999999999994 -5.879018447477667e-06
1.7899999999999991 -5.749737073372223e-06
1.7999999999999992 -5.623222723718318e-06
1.8099999999999992 -5.499435152277719e-06
1.8199999999999992 -5.378332949936885e-06
1.8299999999999992 -5.259873732039582e-06
1.8399999999999992 -5.144014309857036e-06
1.8499999999999992 -5.0307108473661995e-06
1.8599999999999992 -4.919919004424239e-06
1.8699999999999992 -4.811594067351345e-06
1.8799999999999992 -4.705691067862732e-06
1.8899999999999992 -4.602164891224289e-06
1.8999999999999992 -4.5009703744446085e-06
1.9099999999999993 -4.402062395258528e-06
1.9199999999999993 -4.305395952603653e-06
1.9299999999999993 -4.210926239241364e-06
1.939999999999999 -4.118608707127541e-06
1.949999999999999 -4.0283991260943695e-06
1.959999999999999 -3.940253636365136e-06
1.969999999999999 -3.854128795385527e-06
1.979999999999999 -3.7699816194207833e-06
1.989999999999999 -3.6877696203350866e-06
1.9999999999999991 -3.607450837939667e-06
2.009999999999999 -3.5289838682678356e-06
2.019999999999999 -3.4523278881091287e-06
2.029999999999999 -3.377442676110441e-06
2.039999999999999 -3.3042886307293156e-06
2.049999999999999 -3.232826785303816e-06
2.059999999999999 -3.1630188204835983e-06
2.069999999999999 -3.0948270742488906e-06
2.079999999999999 -3.028214549727014e-06
2.089999999999999 -2.963144921000734e-06
2.099999999999999 -2.899582537087745e-06
2.109999999999999 -2.837492424257489e-06
2.119999999999999 -2.7768402868387037e-06
2.129999999999999 -2.717592506659483e-06
2.1399999999999992 -2.6597161412508955e-06
2.149999999999999 -2.603178920934995e-06
2.1599999999999993 -2.547949244908921e-06
2.169999999999999 -2.4939961764279624e-06
2.1799999999999993 -2.4412894371824525e-06
2.189999999999999 -2.3897994009560117e-06
2.199999999999999 -2.339497086645649e-06
2.209999999999999 -2.2903541507177393e-06
2.219999999999999 -2.2423428791681575e-06
2.229999999999999 -2.195436179049132e-06
2.239999999999999 -2.14960756962037e-06
2.249999999999999 -2.104831173177223e-06
2.259999999999999 -2.0610817056043517e-06
2.269999999999999 -2.0183344666991047e-06
2.279999999999999 -1.9765653303053012e-06
2.289999999999999 -1.935750734294396e-06
2.299999999999999 -1.8958676704279543e-06
2.309999999999999 -1.8568936741321914e-06
2.319999999999999 -1.818806814212804e-06
2.329999999999999 -1.7815856825355145e-06
2.339999999999999 -1.74520938369559e-06
2.3499999999999988 -1.709657524697294e-06
2.359999999999999 -1.674910204662266e-06
2.3699999999999988 -1.6409480045839544e-06
2.379999999999999 -1.6077519771435004e-06
2.389999999999999 -1.5753036366008691e-06
2.399999999999999 -1.543584948773637e-06
2.409999999999999 -1.5125783211144072e-06
2.419999999999999 -1.4822665928966353e-06
2.429999999999999 -1.452633025517509e-06
2.439999999999999 -1.4236612929254576e-06
2.449999999999999 -1.3953354721788943e-06
2.459999999999999 -1.3676400341419735e-06
2.469999999999999 -1.3405598343222125e-06
2.479999999999999 -1.3140801038542183e-06
2.489999999999999 -1.2881864406330048e-06
