0.1 -2.636947799662463e-07
0.11 1.785329411584691e-07
0.12 1.5639271391681905e-07
0.13 6.324821997401994e-06
0.13999999999999999 2.09977755362016e-06
0.14999999999999997 3.1143501947036397e-06
0.15999999999999998 1.314912485752402e-05
0.16999999999999998 9.249909893358776e-06
0.17999999999999997 7.250570171914307e-07
0.18999999999999995 7.839771262192171e-07
0.19999999999999996 1.8213388401919473e-06
0.20999999999999996 4.235371820548212e-06
0.21999999999999995 8.069756896081503e-06
0.22999999999999995 1.1238552416013962e-05
0.23999999999999994 1.759166459815754e-05
0.24999999999999992 2.951545079235947e-05
0.2599999999999999 4.093066387562621e-05
0.2699999999999999 4.334762683326929e-05
0.2799999999999999 3.4709414872455335e-05
0.2899999999999999 2.045412441114272e-05
0.29999999999999993 8.024597516820949e-06
0.30999999999999994 1.4416616719092175e-06
0.3199999999999999 -1.2409211773980779e-07
0.32999999999999985 -2.2684096049555498e-07
0.33999999999999986 -1.947384159356587e-06
0.34999999999999987 -5.707017407678831e-06
0.3599999999999999 -8.842978822413431e-06
0.3699999999999999 -6.605207534246961e-06
0.3799999999999999 6.216281782612743e-06
0.3899999999999999 3.376126743487202e-05
0.3999999999999998 7.809710352557952e-05
0.4099999999999998 0.00013886491580766068
0.4199999999999998 0.00021347996945432073
0.4299999999999998 0.00029769228470146277
0.43999999999999984 0.00038630285487547205
0.44999999999999984 0.0004738708058563421
0.45999999999999985 0.0005553050293268867
0.46999999999999986 0.0006262893262383825
0.47999999999999976 0.000683532831379698
0.48999999999999977 0.0007248649606760933
0.4999999999999998 0.00074920807509613
0.5099999999999998 0.0007564649511581619
0.5199999999999998 0.0007473556196017612
0.5299999999999998 0.0007232322188432524
0.5399999999999998 0.0006858934062502069
0.5499999999999998 0.0006374129736302169
0.5599999999999997 0.000579991377733626
0.5699999999999997 0.0005158342225594078
0.5799999999999997 0.0004470583320400881
0.5899999999999997 0.00037562378605461653
0.5999999999999998 0.0003032889484566815
0.6099999999999998 0.00023158486982605397
0.6199999999999998 0.0001618052962670391
0.6299999999999997 9.500868878022022e-05
0.6399999999999997 3.2029022848711585e-05
0.6499999999999997 -2.650740273306438e-05
0.6599999999999997 -8.016143285172299e-05
0.6699999999999997 -0.00012865861541383746
0.6799999999999997 -0.00017186624424134447
0.6899999999999997 -0.00020977090751796994
0.6999999999999996 -0.00024245725468866617
0.7099999999999996 -0.000270088444090825
0.7199999999999996 -0.0002928885364583445
0.7299999999999996 -0.00031112694912943575
0.7399999999999997 -0.00032510497508980957
0.7499999999999997 -0.00033514429282752357
0.7599999999999997 -0.00034157734086165355
0.7699999999999997 -0.00034473939900456533
0.7799999999999997 -0.0003449622020442679
0.7899999999999996 -0.0003425689065398855
0.7999999999999996 -0.0003378702345314595
0.8099999999999996 -0.0003311616265785826
0.8199999999999996 -0.000322721248649642
0.8299999999999996 -0.00031280871146104115
0.8399999999999996 -0.0003016643757892255
0.8499999999999996 -0.00028950913224186093
0.8599999999999995 -0.00027654455842319276
0.8699999999999996 -0.000262953370000513
0.8799999999999996 -0.00024890009465775226
0.8899999999999996 -0.00023453190920047333
0.8999999999999996 -0.00021997959012329835
0.9099999999999996 -0.0002053585367895973
0.9199999999999996 -0.00019076983406350457
0.9299999999999996 -0.00017630132785778098
0.9399999999999996 -0.00016202869271143597
0.9499999999999995 -0.000148016475287456
0.9599999999999995 -0.00013431910168178356
0.9699999999999995 -0.00012098183975496976
0.9799999999999995 -0.00010804171042668972
0.9899999999999995 -9.552834409244852e-05
0.9999999999999996 -8.346478010550618e-05
1.0099999999999996 -7.186820868155187e-05
1.0199999999999996 -6.075065568748435e-05
1.0299999999999996 -5.011961162011829e-05
1.0399999999999996 -3.997860671015907e-05
1.0499999999999996 -3.0327734539710858e-05
1.0599999999999996 -2.1164126870698435e-05
1.0699999999999996 -1.2482382574633736e-05
1.0799999999999996 -4.274953654753864e-06
1.0899999999999996 3.4675086207167125e-06
1.0999999999999996 1.0755844484113356e-05
1.1099999999999997 1.7602110414128587e-05
1.1199999999999997 2.401933504652059e-05
1.1299999999999997 3.0021303560177218e-05
1.1399999999999997 3.56223679899949e-05
1.1499999999999995 4.083728106838004e-05
1.1599999999999995 4.568105135218159e-05
1.1699999999999995 5.016881754786312e-05
1.1799999999999995 5.43157401019221e-05
1.1899999999999995 5.8136908273822636e-05
1.1999999999999995 6.164726105348914e-05
1.2099999999999995 6.486152042360098e-05
1.2199999999999995 6.779413559780373e-05
1.2299999999999995 7.045923698909409e-05
1.2399999999999995 7.287059877780169e-05
1.2499999999999996 7.504160905579896e-05
1.2599999999999996 7.698524662289608e-05
1.2699999999999996 7.871406360306499e-05
1.2799999999999996 8.024017313245758e-05
1.2899999999999996 8.157524144848397e-05
1.2999999999999994 8.27304837798892e-05
1.3099999999999994 8.371666350217845e-05
1.3199999999999994 8.454409408133511e-05
1.3299999999999994 8.522264338190663e-05
1.3399999999999994 8.576173996366618e-05
1.3499999999999994 8.617038103450998e-05
1.3599999999999994 8.645714176643578e-05
1.3699999999999994 8.663018571671406e-05
1.3799999999999994 8.669727612803092e-05
1.3899999999999995 8.666578790977009e-05
1.3999999999999995 8.654272012801607e-05
1.4099999999999995 8.633470885455565e-05
1.4199999999999995 8.604804024538474e-05
1.4299999999999995 8.568866373725999e-05
1.4399999999999995 8.526220526681426e-05
1.4499999999999995 8.477398043096545e-05
1.4599999999999995 8.42290075198886e-05
1.4699999999999993 8.363202036492595e-05
1.4799999999999993 8.298748095356319e-05
1.4899999999999993 8.229959177220695e-05
1.4999999999999993 8.157230784502035e-05
1.5099999999999993 8.080934844366249e-05
1.5199999999999994 8.001420844852765e-05
1.5299999999999994 7.919016934706498e-05
1.5399999999999994 7.834030985909038e-05
1.5499999999999994 7.746751618272578e-05
1.5599999999999994 7.657449185781231e-05
1.5699999999999994 7.566376724636887e-05
1.5799999999999994 7.473770863200594e-05
1.5899999999999994 7.379852694214884e-05
1.5999999999999994 7.284828609857702e-05
1.6099999999999994 7.188891100313541e-05
1.6199999999999992 7.092219516658685e-05
1.6299999999999992 6.994980798947001e-05
1.6399999999999992 6.897330170452919e-05
1.6499999999999992 6.799411799082866e-05
1.6599999999999993 6.701359427005739e-05
1.6699999999999993 6.603296969581133e-05
1.6799999999999993 6.505339084680674e-05
1.6899999999999993 6.407591713505959e-05
1.6999999999999993 6.310152594006582e-05
1.7099999999999993 6.213111747995551e-05
1.7199999999999993 6.116551943047453e-05
1.7299999999999993 6.020549130248033e-05
1.7399999999999993 5.925172858844132e-05
1.7499999999999993 5.830486668818709e-05
1.7599999999999993 5.736548462390576e-05
1.7699999999999994 5.6434108554103114e-05
1.7799999999999994 5.5511215095943306e-05
1.7899999999999991 5.4597234465092286e-05
1.7999999999999992 5.369255344186841e-05
1.8099999999999992 5.2797518172192914e-05
1.8199999999999992 5.19124368115123e-05
1.8299999999999992 5.103758201955167e-05
1.8399999999999992 5.0173193313437444e-05
1.8499999999999992 4.9319479286422514e-05
1.8599999999999992 4.847661969913554e-05
1.8699999999999992 4.76447674499787e-05
1.8799999999999992 4.682405043100418e-05
1.8899999999999992 4.601457327531236e-05
1.8999999999999992 4.521641900173887e-05
1.9099999999999993 4.4429650562327226e-05
1.9199999999999993 4.365431229782298e-05
1.9299999999999993 4.289043130617391e-05
1.939999999999999 4.213801872878011e-05
1.949999999999999 4.1397070959000134e-05
1.959999999999999 4.066757077720072e-05
1.969999999999999 3.9949488416417594e-05
1.979999999999999 3.9242782562490633e-05
1.989999999999999 3.8547401292339916e-05
1.9999999999999991 3.786328295385847e-05
2.009999999999999 3.7190356990717676e-05
2.019999999999999 3.652854471520938e-05
2.029999999999999 3.5877760032083976e-05
2.039999999999999 3.523791011618572e-05
2.049999999999999 3.460889604653998e-05
2.059999999999999 3.3990613399401745e-05
2.069999999999999 3.3382952802642055e-05
2.079999999999999 3.278580045371774e-05
2.089999999999999 3.2199038603351575e-05
2.099999999999999 3.162254600692849e-05
2.109999999999999 3.10561983455083e-05
2.119999999999999 3.0499868618247568e-05
2.129999999999999 2.9953427507925408e-05
2.1399999999999992 2.941674372117307e-05
2.149999999999999 2.8889684304918835e-05
2.1599999999999993 2.8372114940474265e-05
2.169999999999999 2.7863900216609102e-05
2.1799999999999993 2.7364903882883855e-05
2.189999999999999 2.687498908444035e-05
2.199999999999999 2.639401857938093e-05
2.209999999999999 2.5921854939801562e-05
2.219999999999999 2.545836073748616e-05
2.229999999999999 2.500339871520962e-05
2.239999999999999 2.4556831944543194e-05
2.249999999999999 2.4118523971005007e-05
2.259999999999999 2.3688338947349704e-05
2.269999999999999 2.3266141755744398e-05
2.279999999999999 2.28517981195362e-05
2.289999999999999 2.2445174705274637e-05
2.299999999999999 2.2046139215613743e-05
2.309999999999999 2.1654560473682174e-05
2.319999999999999 2.127030849947525e-05
2.329999999999999 2.0893254578790165e-05
2.339999999999999 2.0523271325194652e-05
2.3499999999999988 2.0160232735491174e-05
2.359999999999999 1.9804014239109907e-05
2.3699999999999988 1.9454492741839803e-05
2.379999999999999 1.9111546664281002e-05
2.389999999999999 1.8775055975379665e-05
2.399999999999999 1.844490222138478e-05
2.409999999999999 1.8120968550545717e-05
2.419999999999999 1.7803139733850005e-05
2.429999999999999 1.749130218208292e-05
2.439999999999999 1.7185343959473207e-05
2.449999999999999 1.688515479417297e-05
2.459999999999999 1.659062608580504e-05
2.469999999999999 1.6301650910296005e-05
2.479999999999999 1.6018124022200558e-05
2.489999999999999 1.5739941854709417e-05
