0.1 -1.0681437553123633e-06
0.11 7.389445718817739e-07
0.12 7.249127362469849e-07
0.13 2.6050486694845364e-05
0.13999999999999999 8.130904362116107e-06
0.14999999999999997 1.3023464105784464e-05
0.15999999999999998 5.301708753576835e-05
0.16999999999999998 3.646072594081516e-05
0.17999999999999997 2.8718365736876897e-06
0.18999999999999995 2.7945327595451013e-06
0.19999999999999996 6.0819480205495875e-06
0.20999999999999996 1.463393042333586e-05
0.21999999999999995 2.4928910782652922e-05
0.22999999999999995 2.9464324520486778e-05
0.23999999999999994 4.868958910027162e-05
0.24999999999999992 9.428100859737334e-05
0.2599999999999999 0.00014032637589970134
0.2699999999999999 0.00015145658555796798
0.2799999999999999 0.00011991095603061663
0.2899999999999999 6.818331979545706e-05
0.29999999999999993 2.5151081478300425e-05
0.30999999999999994 4.204879838573841e-06
0.3199999999999999 -1.144948848382281e-06
0.32999999999999985 -7.2531082228036365e-06
0.33999999999999986 -2.678541790413718e-05
0.34999999999999987 -6.014229249874549e-05
0.3599999999999999 -9.451367918471198e-05
0.3699999999999999 -0.00010873583978855774
0.3799999999999999 -8.045031908554194e-05
0.3899999999999999 7.479498870141765e-06
0.3999999999999998 0.00016298907151554343
0.4099999999999998 0.0003836425575586793
0.4199999999999998 0.0006577699854812597
0.4299999999999998 0.0009670358413992207
0.43999999999999984 0.001289559108207985
0.44999999999999984 0.0016029012114246524
0.45999999999999985 0.001886497759966965
0.46999999999999986 0.002123347467900467
0.47999999999999976 0.0023009487526728925
0.48999999999999977 0.002411584200620475
0.4999999999999998 0.0024521051626352217
0.5099999999999998 0.0024233791904418422
0.5199999999999998 0.0023295477683752995
0.5299999999999998 0.0021772137437755393
0.5399999999999998 0.0019746460978824995
0.5499999999999998 0.001731059819381712
0.5599999999999997 0.0014560035183242754
0.5699999999999997 0.001158868049937164
0.5799999999999997 0.0008485156586682637
0.5899999999999997 0.0005330202518926252
0.5999999999999998 0.0002195043844140449
0.6099999999999998 -8.594361600193424e-05
0.6199999999999998 -0.0003782891097589515
0.6299999999999997 -0.000653522809066087
0.6399999999999997 -0.0009085984323582912
0.6499999999999997 -0.001141347994685945
0.6599999999999997 -0.001350384192299724
0.6699999999999997 -0.0015349972797470363
0.6799999999999997 -0.0016950520009596714
0.6899999999999997 -0.001830888565174672
0.6999999999999996 -0.0019432303618866068
0.7099999999999996 -0.002033100072180268
0.7199999999999996 -0.0021017450302286086
0.7299999999999996 -0.0021505720863603424
0.7399999999999997 -0.0021810917886395612
0.7499999999999997 -0.0021948714016572523
0.7599999999999997 -0.0021934960906041315
0.7699999999999997 -0.0021785374908529827
0.7799999999999997 -0.0021515288373487183
0.7899999999999996 -0.002113945826978921
0.7999999999999996 -0.0020671924170868193
0.8099999999999996 -0.002012590813679431
0.8199999999999996 -0.001951374965483165
0.8299999999999996 -0.0018846869486906243
0.8399999999999996 -0.0018135756975903108
0.8499999999999996 -0.0017389976051665414
0.8599999999999995 -0.0016618185831255962
0.8699999999999996 -0.0015828172313565832
0.8799999999999996 -0.0015026888218673514
0.8899999999999996 -0.0014220498514707915
0.8999999999999996 -0.0013414429609561462
0.9099999999999996 -0.0012613420563901937
0.9199999999999996 -0.0011821575009099714
0.9299999999999996 -0.0011042412733224653
0.9399999999999996 -0.0010278920134831617
0.9499999999999995 -0.000953359894257583
0.9599999999999995 -0.0008808512763374276
0.9699999999999995 -0.0008105331157212363
0.9799999999999995 -0.0007425371046805232
0.9899999999999995 -0.0006769635358820887
0.9999999999999996 -0.0006138848863532701
1.0099999999999996 -0.0005533491234496307
1.0199999999999996 -0.0004953827391685584
1.0299999999999996 -0.0004399935222685677
1.0399999999999996 -0.00038717307989356023
1.0499999999999996 -0.00033689912192674576
1.0599999999999996 -0.00028913752224928523
1.0699999999999996 -0.00024384417157044655
1.0799999999999996 -0.00020096663662775937
1.0899999999999996 -0.00016044564040829296
1.0999999999999996 -0.00012221637768384527
1.1099999999999997 -8.620967963845252e-05
1.1199999999999997 -5.235304074174943e-05
1.1299999999999997 -2.0571520322447333e-05
1.1399999999999997 9.211469447992007e-06
1.1499999999999995 3.707347821763601e-05
1.1599999999999995 6.309242458864607e-05
1.1699999999999995 8.734608631079151e-05
1.1799999999999995 0.00010991166486067017
1.1899999999999995 0.0001308654164456355
1.1999999999999995 0.0001502823421505855
1.2099999999999995 0.00016823593058818705
1.2199999999999995 0.000184797947016932
1.2299999999999995 0.0002000382634555293
1.2399999999999995 0.0002140247248466433
1.2499999999999996 0.00022682304680846988
1.2599999999999996 0.00023849674096020814
1.2699999999999996 0.00024910706421869973
1.2799999999999996 0.00025871298884005674
1.2899999999999996 0.00026737119032390586
1.2999999999999994 0.00027513605061097916
1.3099999999999994 0.00028205967428914734
1.3199999999999994 0.00028819191578068916
1.3299999999999994 0.0002935804157165884
1.3399999999999994 0.00029827064491390565
1.3499999999999994 0.0003023059545615516
1.3599999999999994 0.00030572763138993924
1.3699999999999994 0.0003085749567525858
1.3799999999999994 0.00031088526868438914
1.3899999999999995 0.0003126940261233843
1.3999999999999995 0.00031403487459174954
1.4099999999999995 0.00031493971272878856
1.4199999999999995 0.00031543875915482974
1.4299999999999995 0.00031556061922144224
1.4399999999999995 0.00031533235127104815
1.4499999999999995 0.0003147795320888191
1.4599999999999995 0.0003139263212824391
1.4699999999999993 0.00031279552437171493
1.4799999999999993 0.0003114086544106383
1.4899999999999993 0.0003097859920001575
1.4999999999999993 0.0003079466435809272
1.5099999999999993 0.0003059085979223498
1.5199999999999994 0.00030368878074762734
1.5299999999999994 0.00030130310745477544
1.5399999999999994 0.0002987665339109294
1.5499999999999994 0.00029609310531215736
1.5599999999999994 0.0002932960031136571
1.5699999999999994 0.0002903875900458932
1.5799999999999994 0.0002873794532412381
1.5899999999999994 0.0002842824455031006
1.5999999999999994 0.0002811067247556794
1.6099999999999994 0.0002778617917174344
1.6199999999999992 0.00027455652584530455
1.6299999999999992 0.00027119921959977946
1.6399999999999992 0.0002677976110832116
1.6499999999999992 0.0002643589151053992
1.6599999999999993 0.0002608898527315138
1.6699999999999993 0.0002573966793680266
1.6799999999999993 0.0002538852114424358
1.6899999999999993 0.0002503608517323818
1.6999999999999993 0.0002468286133992431
1.7099999999999993 0.00024329314278054103
1.7199999999999993 0.00023975874099452956
1.7299999999999993 0.00023622938440919614
1.7399999999999993 0.0002327087440266521
1.7499999999999993 0.00022920020383249612
1.7599999999999993 0.00022570687815827575
1.7699999999999994 0.00022223162810366704
1.7799999999999994 0.0002187770770633944
1.7899999999999991 0.00021534562540236136
1.7999999999999992 0.0002119394643208131
1.8099999999999992 0.000208560588949786
1.8199999999999992 0.00020521081071546549
1.8299999999999992 0.0002018917690095185
1.8399999999999992 0.00019860494220088308
1.8499999999999992 0.00019535165802299085
1.8599999999999992 0.00019213310336888229
1.8699999999999992 0.00018895033352522703
1.8799999999999992 0.00018580428087484066
1.8899999999999992 0.0001826957630959087
1.8999999999999992 0.00017962549088480567
1.9099999999999993 0.00017659407522810347
1.9199999999999993 0.0001736020342481247
1.9299999999999993 0.00017064979964520364
1.939999999999999 0.00016773772275867542
1.949999999999999 0.00016486608026749548
1.959999999999999 0.00016203507955035978
1.969999999999999 0.00015924486372416094
1.979999999999999 0.00015649551637866285
1.989999999999999 0.00015378706602434827
1.9999999999999991 0.00015111949026950624
2.009999999999999 0.00014849271974178902
2.019999999999999 0.00014590664176866266
2.029999999999999 0.00014336110383041028
2.039999999999999 0.00014085591679861584
2.049999999999999 0.00013839085797237208
2.059999999999999 0.00013596567392378203
2.069999999999999 0.0001335800831637131
2.079999999999999 0.00013123377863815335
2.089999999999999 0.00012892643006496887
2.099999999999999 0.0001266576861203072
2.109999999999999 0.00012442717648340111
2.119999999999999 0.00012223451374803048
2.129999999999999 0.00012007929520845157
2.1399999999999992 0.00011796110452716347
2.149999999999999 0.00011587951329147303
2.1599999999999993 0.00011383408246543342
2.169999999999999 0.00011182436374335917
2.1799999999999993 0.00010984990081077023
2.189999999999999 0.00010791023051829555
2.199999999999999 0.00010600488397374881
2.209999999999999 0.00010413338755729047
2.219999999999999 0.00010229526386432035
2.229999999999999 0.00010049003258047454
2.239999999999999 9.871721129284993e-05
2.249999999999999 9.697631624134953e-05
2.259999999999999 9.52668630138144e-05
2.269999999999999 9.358836718839682e-05
2.279999999999999 9.194034492643533e-05
2.289999999999999 9.03223135188991e-05
2.299999999999999 8.873379188929588e-05
2.309999999999999 8.71743010557647e-05
2.319999999999999 8.564336455492469e-05
2.329999999999999 8.414050882989336e-05
2.339999999999999 8.266526358475218e-05
2.3499999999999988 8.12171621076035e-05
2.359999999999999 7.979574156423446e-05
2.3699999999999988 7.840054326428978e-05
2.379999999999999 7.70311129017392e-05
2.389999999999999 7.568700077132165e-05
2.399999999999999 7.43677619625503e-05
2.409999999999999 7.307295653276618e-05
2.419999999999999 7.180214966064115e-05
2.429999999999999 7.055491178144737e-05
2.439999999999999 6.933081870533153e-05
2.449999999999999 6.812945171975788e-05
2.459999999999999 6.69503976772151e-05
2.469999999999999 6.579324906921377e-05
2.479999999999999 6.465760408754254e-05
2.489999999999999 6.354306667369063e-05
